2754
0
5,3,58,40
0
5,3,53,895
0
5,3,54,1751
0
5,3,57,0
0
5,0,2,0
0
5,1,330,1
0
5,0,0,0
5323000
5,3,58,40
0
5,3,53,895
0
5,3,54,1751
0
5,3,57,0
0
5,0,2,0
0
5,0,0,0
7880000
5,3,58,40
0
5,3,53,895
0
5,3,54,1751
0
5,3,57,0
0
5,0,2,0
0
5,0,0,0
7975000
5,3,58,48
0
5,3,53,894
0
5,3,54,1750
0
5,3,57,0
0
5,0,2,0
0
5,0,0,0
7718000
5,3,58,49
0
5,3,53,893
0
5,3,54,1749
0
5,3,57,0
0
5,0,2,0
0
5,0,0,0
8697000
5,3,58,49
0
5,3,53,892
0
5,3,54,1748
0
5,3,57,0
0
5,0,2,0
0
5,0,0,0
7827000
5,3,58,50
0
5,3,53,891
0
5,3,54,1746
0
5,3,57,0
0
5,0,2,0
0
5,0,0,0
8683000
5,3,58,51
0
5,3,53,890
0
5,3,54,1744
0
5,3,57,0
0
5,0,2,0
0
5,0,0,0
7828000
5,3,58,51
0
5,3,53,889
0
5,3,54,1741
0
5,3,57,0
0
5,0,2,0
0
5,0,0,0
8599000
5,3,58,51
0
5,3,53,888
0
5,3,54,1738
0
5,3,57,0
0
5,0,2,0
0
5,0,0,0
7827000
5,3,58,51
0
5,3,53,887
0
5,3,54,1734
0
5,3,57,0
0
5,0,2,0
0
5,0,0,0
8828000
5,3,58,51
0
5,3,53,886
0
5,3,54,1729
0
5,3,57,0
0
5,0,2,0
0
5,0,0,0
7659000
5,3,58,51
0
5,3,53,885
0
5,3,54,1723
0
5,3,57,0
0
5,0,2,0
0
5,0,0,0
8774000
5,3,58,52
0
5,3,53,884
0
5,3,54,1715
0
5,3,57,0
0
5,0,2,0
0
5,0,0,0
7798000
5,3,58,54
0
5,3,53,883
0
5,3,54,1704
0
5,3,57,0
0
5,0,2,0
0
5,0,0,0
8668000
5,3,58,54
0
5,3,53,882
0
5,3,54,1690
0
5,3,57,0
0
5,0,2,0
0
5,0,0,0
7766000
5,3,58,54
0
5,3,53,881
0
5,3,54,1675
0
5,3,57,0
0
5,0,2,0
0
5,0,0,0
8684000
5,3,58,56
0
5,3,53,879
0
5,3,54,1657
0
5,3,57,0
0
5,0,2,0
0
5,0,0,0
7793000
5,3,58,55
0
5,3,53,877
0
5,3,54,1635
0
5,3,57,0
0
5,0,2,0
0
5,0,0,0
8816000
5,3,58,57
0
5,3,53,875
0
5,3,54,1610
0
5,3,57,0
0
5,0,2,0
0
5,0,0,0
7657000
5,3,58,56
0
5,3,53,873
0
5,3,54,1584
0
5,3,57,0
0
5,0,2,0
0
5,0,0,0
8732000
5,3,58,58
0
5,3,53,870
0
5,3,54,1554
0
5,3,57,0
0
5,0,2,0
0
5,0,0,0
7712000
5,3,58,59
0
5,3,53,868
0
5,3,54,1525
0
5,3,57,0
0
5,0,2,0
0
5,0,0,0
8686000
5,3,58,58
0
5,3,53,865
0
5,3,54,1491
0
5,3,57,0
0
5,0,2,0
0
5,0,0,0
7837000
5,3,58,60
0
5,3,53,863
0
5,3,54,1460
0
5,3,57,0
0
5,0,2,0
0
5,0,0,0
8564000
5,3,58,58
0
5,3,53,862
0
5,3,54,1424
0
5,3,57,0
0
5,0,2,0
0
5,0,0,0
7833000
5,3,58,57
0
5,3,53,861
0
5,3,54,1390
0
5,3,57,0
0
5,0,2,0
0
5,0,0,0
8642000
5,3,58,58
0
5,3,53,861
0
5,3,54,1352
0
5,3,57,0
0
5,0,2,0
0
5,0,0,0
7912000
5,3,58,59
0
5,3,53,863
0
5,3,54,1318
0
5,3,57,0
0
5,0,2,0
0
5,0,0,0
8614000
5,3,58,57
0
5,3,53,866
0
5,3,54,1278
0
5,3,57,0
0
5,0,2,0
0
5,0,0,0
7808000
5,3,58,56
0
5,3,53,869
0
5,3,54,1243
0
5,3,57,0
0
5,0,2,0
0
5,0,0,0
8645000
5,3,58,56
0
5,3,53,874
0
5,3,54,1204
0
5,3,57,0
0
5,0,2,0
0
5,0,0,0
7832000
5,3,58,56
0
5,3,53,878
0
5,3,54,1167
0
5,3,57,0
0
5,0,2,0
0
5,0,0,0
8613000
5,3,58,52
0
5,3,53,884
0
5,3,54,1126
0
5,3,57,0
0
5,0,2,0
0
5,0,0,0
7832000
5,3,58,52
0
5,3,53,888
0
5,3,54,1085
0
5,3,57,0
0
5,0,2,0
0
5,0,0,0
8708000
5,3,58,52
0
5,3,53,893
0
5,3,54,1043
0
5,3,57,0
0
5,0,2,0
0
5,0,0,0
7784000
5,3,58,52
0
5,3,53,895
0
5,3,54,1003
0
5,3,57,0
0
5,0,2,0
0
5,0,0,0
8732000
5,3,58,54
0
5,3,53,897
0
5,3,54,963
0
5,3,57,0
0
5,0,2,0
0
5,0,0,0
7848000
5,3,58,52
0
5,3,53,898
0
5,3,54,926
0
5,3,57,0
0
5,0,2,0
0
5,0,0,0
8670000
5,3,58,52
0
5,3,53,898
0
5,3,54,887
0
5,3,57,0
0
5,0,2,0
0
5,0,0,0
7835000
5,3,58,53
0
5,3,53,898
0
5,3,54,855
0
5,3,57,0
0
5,0,2,0
0
5,0,0,0
8586000
5,3,58,54
0
5,3,53,897
0
5,3,54,820
0
5,3,57,0
0
5,0,2,0
0
5,0,0,0
7863000
5,3,58,53
0
5,3,53,897
0
5,3,54,786
0
5,3,57,0
0
5,0,2,0
0
5,0,0,0
8700000
5,3,58,54
0
5,3,53,895
0
5,3,54,751
0
5,3,57,0
0
5,0,2,0
0
5,0,0,0
7775000
5,3,58,54
0
5,3,53,895
0
5,3,54,717
0
5,3,57,0
0
5,0,2,0
0
5,0,0,0
8617000
5,3,58,56
0
5,3,53,895
0
5,3,54,680
0
5,3,57,0
0
5,0,2,0
0
5,0,0,0
7870000
5,3,58,55
0
5,3,53,895
0
5,3,54,646
0
5,3,57,0
0
5,0,2,0
0
5,0,0,0
8660000
5,3,58,55
0
5,3,53,896
0
5,3,54,604
0
5,3,57,0
0
5,0,2,0
0
5,0,0,0
7842000
5,3,58,59
0
5,3,53,897
0
5,3,54,570
0
5,3,57,0
0
5,0,2,0
0
5,0,0,0
8697000
5,3,58,60
0
5,3,53,899
0
5,3,54,530
0
5,3,57,0
0
5,0,2,0
0
5,0,0,0
7851000
5,3,58,62
0
5,3,53,900
0
5,3,54,496
0
5,3,57,0
0
5,0,2,0
0
5,0,0,0
8615000
5,3,58,61
0
5,3,53,902
0
5,3,54,461
0
5,3,57,0
0
5,0,2,0
0
5,0,0,0
7803000
5,3,58,62
0
5,3,53,903
0
5,3,54,432
0
5,3,57,0
0
5,0,2,0
0
5,0,0,0
8721000
5,3,58,64
0
5,3,53,903
0
5,3,54,404
0
5,3,57,0
0
5,0,2,0
0
5,0,0,0
7764000
5,3,58,63
0
5,3,53,903
0
5,3,54,379
0
5,3,57,0
0
5,0,2,0
0
5,0,0,0
8708000
5,3,58,66
0
5,3,53,903
0
5,3,54,358
0
5,3,57,0
0
5,0,2,0
0
5,0,0,0
7802000
5,3,58,67
0
5,3,53,902
0
5,3,54,340
0
5,3,57,0
0
5,0,2,0
0
5,0,0,0
8609000
5,3,58,68
0
5,3,53,902
0
5,3,54,322
0
5,3,57,0
0
5,0,2,0
0
5,0,0,0
7845000
5,3,58,66
0
5,3,53,902
0
5,3,54,307
0
5,3,57,0
0
5,0,2,0
0
5,0,0,0
8653000
5,3,58,66
0
5,3,53,902
0
5,3,54,293
0
5,3,57,0
0
5,0,2,0
0
5,0,0,0
7888000
5,3,58,69
0
5,3,53,902
0
5,3,54,281
0
5,3,57,0
0
5,0,2,0
0
5,0,0,0
8621000
5,3,58,68
0
5,3,53,902
0
5,3,54,270
0
5,3,57,0
0
5,0,2,0
0
5,0,0,0
7855000
5,3,58,70
0
5,3,53,902
0
5,3,54,259
0
5,3,57,0
0
5,0,2,0
0
5,0,0,0
8602000
5,3,58,70
0
5,3,53,903
0
5,3,54,250
0
5,3,57,0
0
5,0,2,0
0
5,0,0,0
7863000
5,3,58,69
0
5,3,53,904
0
5,3,54,241
0
5,3,57,0
0
5,0,2,0
0
5,0,0,0
8575000
5,3,58,67
0
5,3,53,905
0
5,3,54,234
0
5,3,57,0
0
5,0,2,0
0
5,0,0,0
7840000
5,3,58,68
0
5,3,53,905
0
5,3,54,228
0
5,3,57,0
0
5,0,2,0
0
5,0,0,0
8632000
5,3,58,68
0
5,3,53,905
0
5,3,54,223
0
5,3,57,0
0
5,0,2,0
0
5,0,0,0
7870000
5,3,58,68
0
5,3,53,905
0
5,3,54,219
0
5,3,57,0
0
5,0,2,0
0
5,0,0,0
8693000
5,3,58,69
0
5,3,53,905
0
5,3,54,215
0
5,3,57,0
0
5,0,2,0
0
5,0,0,0
7800000
5,3,58,69
0
5,3,53,905
0
5,3,54,212
0
5,3,57,0
0
5,0,2,0
0
5,0,0,0
8643000
5,3,58,69
0
5,3,53,905
0
5,3,54,209
0
5,3,57,0
0
5,0,2,0
0
5,0,0,0
7883000
5,3,58,69
0
5,3,53,905
0
5,3,54,207
0
5,3,57,0
0
5,0,2,0
0
5,0,0,0
8637000
5,3,58,69
0
5,3,53,905
0
5,3,54,205
0
5,3,57,0
0
5,0,2,0
0
5,0,0,0
7824000
5,3,58,69
0
5,3,53,905
0
5,3,54,203
0
5,3,57,0
0
5,0,2,0
0
5,0,0,0
8622000
5,3,58,71
0
5,3,53,905
0
5,3,54,201
0
5,3,57,0
0
5,0,2,0
0
5,0,0,0
7884000
5,3,58,71
0
5,3,53,905
0
5,3,54,199
0
5,3,57,0
0
5,0,2,0
0
5,0,0,0
8624000
5,3,58,70
0
5,3,53,905
0
5,3,54,198
0
5,3,57,0
0
5,0,2,0
0
5,0,0,0
7877000
5,3,58,70
0
5,3,53,905
0
5,3,54,196
0
5,3,57,0
0
5,0,2,0
0
5,0,0,0
8592000
5,3,58,71
0
5,3,53,905
0
5,3,54,194
0
5,3,57,0
0
5,0,2,0
0
5,0,0,0
7823000
5,3,58,69
0
5,3,53,905
0
5,3,54,192
0
5,3,57,0
0
5,0,2,0
0
5,0,0,0
8640000
5,3,58,69
0
5,3,53,905
0
5,3,54,190
0
5,3,57,0
0
5,0,2,0
0
5,0,0,0
7903000
5,3,58,69
0
5,3,53,905
0
5,3,54,189
0
5,3,57,0
0
5,0,2,0
0
5,0,0,0
8639000
5,3,58,69
0
5,3,53,905
0
5,3,54,187
0
5,3,57,0
0
5,0,2,0
0
5,0,0,0
7782000
5,3,58,70
0
5,3,53,905
0
5,3,54,185
0
5,3,57,0
0
5,0,2,0
0
5,0,0,0
8668000
5,3,58,69
0
5,3,53,905
0
5,3,54,183
0
5,3,57,0
0
5,0,2,0
0
5,0,0,0
7959000
5,3,58,72
0
5,3,53,905
0
5,3,54,181
0
5,3,57,0
0
5,0,2,0
0
5,0,0,0
8521000
5,3,58,72
0
5,3,53,905
0
5,3,54,179
0
5,3,57,0
0
5,0,2,0
0
5,0,0,0
7815000
5,3,58,72
0
5,3,53,905
0
5,3,54,177
0
5,3,57,0
0
5,0,2,0
0
5,0,0,0
8742000
5,3,58,72
0
5,3,53,905
0
5,3,54,175
0
5,3,57,0
0
5,0,2,0
0
5,0,0,0
7769000
5,3,58,72
0
5,3,53,905
0
5,3,54,173
0
5,3,57,0
0
5,0,2,0
0
5,0,0,0
8691000
5,3,58,72
0
5,3,53,906
0
5,3,54,171
0
5,3,57,0
0
5,0,2,0
0
5,0,0,0
7769000
5,3,58,73
0
5,3,53,907
0
5,3,54,169
0
5,3,57,0
0
5,0,2,0
0
5,0,0,0
8656000
5,3,58,72
0
5,3,53,907
0
5,3,54,167
0
5,3,57,0
0
5,0,2,0
0
5,0,0,0
7954000
5,3,58,73
0
5,3,53,908
0
5,3,54,165
0
5,3,57,0
0
5,0,2,0
0
5,0,0,0
8557000
5,3,58,73
0
5,3,53,908
0
5,3,54,163
0
5,3,57,0
0
5,0,2,0
0
5,0,0,0
7818000
5,3,58,73
0
5,3,53,908
0
5,3,54,161
0
5,3,57,0
0
5,0,2,0
0
5,0,0,0
8632000
5,3,58,71
0
5,3,53,909
0
5,3,54,159
0
5,3,57,0
0
5,0,2,0
0
5,0,0,0
7869000
5,3,58,71
0
5,3,53,910
0
5,3,54,157
0
5,3,57,0
0
5,0,2,0
0
5,0,0,0
8669000
5,3,58,72
0
5,3,53,911
0
5,3,54,155
0
5,3,57,0
0
5,0,2,0
0
5,0,0,0
7756000
5,3,58,71
0
5,3,53,912
0
5,3,54,153
0
5,3,57,0
0
5,0,2,0
0
5,0,0,0
8683000
5,3,58,71
0
5,3,53,913
0
5,3,54,152
0
5,3,57,0
0
5,0,2,0
0
5,0,0,0
7871000
5,3,58,72
0
5,3,53,914
0
5,3,54,151
0
5,3,57,0
0
5,0,2,0
0
5,0,0,0
8695000
5,3,58,71
0
5,3,53,915
0
5,3,54,150
0
5,3,57,0
0
5,0,2,0
0
5,0,0,0
7768000
5,3,58,71
0
5,3,53,916
0
5,3,54,149
0
5,3,57,0
0
5,0,2,0
0
5,0,0,0
8652000
5,3,58,71
0
5,3,53,917
0
5,3,54,148
0
5,3,57,0
0
5,0,2,0
0
5,0,0,0
7797000
5,3,58,71
0
5,3,53,917
0
5,3,54,147
0
5,3,57,0
0
5,0,2,0
0
5,0,0,0
8575000
5,3,58,72
0
5,3,53,917
0
5,3,54,146
0
5,3,57,0
0
5,0,2,0
0
5,0,0,0
7809000
5,3,58,71
0
5,3,53,918
0
5,3,54,145
0
5,3,57,0
0
5,0,2,0
0
5,0,0,0
8694000
5,3,58,72
0
5,3,53,918
0
5,3,54,144
0
5,3,57,0
0
5,0,2,0
0
5,0,0,0
7768000
5,3,58,72
0
5,3,53,918
0
5,3,54,143
0
5,3,57,0
0
5,0,2,0
0
5,0,0,0
8708000
5,3,58,72
0
5,3,53,918
0
5,3,54,142
0
5,3,57,0
0
5,0,2,0
0
5,0,0,0
7801000
5,3,58,72
0
5,3,53,919
0
5,3,54,141
0
5,3,57,0
0
5,0,2,0
0
5,0,0,0
8617000
5,3,58,72
0
5,3,53,919
0
5,3,54,141
0
5,3,57,0
0
5,0,2,0
0
5,0,0,0
7846000
5,3,58,72
0
5,3,53,920
0
5,3,54,140
0
5,3,57,0
0
5,0,2,0
0
5,0,0,0
8644000
5,3,58,72
0
5,3,53,920
0
5,3,54,140
0
5,3,57,0
0
5,0,2,0
0
5,0,0,0
7838000
5,3,58,72
0
5,3,53,920
0
5,3,54,140
0
5,3,57,0
0
5,0,2,0
0
5,0,0,0
8650000
5,3,58,72
0
5,3,53,920
0
5,3,54,140
0
5,3,57,0
0
5,0,2,0
0
5,0,0,0
7830000
5,3,58,72
0
5,3,53,920
0
5,3,54,140
0
5,3,57,0
0
5,0,2,0
0
5,0,0,0
8628000
5,3,58,72
0
5,3,53,920
0
5,3,54,140
0
5,3,57,0
0
5,0,2,0
0
5,0,0,0
7831000
5,3,58,72
0
5,3,53,920
0
5,3,54,140
0
5,3,57,0
0
5,0,2,0
0
5,0,0,0
8652000
5,3,58,71
0
5,3,53,920
0
5,3,54,140
0
5,3,57,0
0
5,0,2,0
0
5,0,0,0
7785000
5,3,58,72
0
5,3,53,920
0
5,3,54,140
0
5,3,57,0
0
5,0,2,0
0
5,0,0,0
8730000
5,3,58,72
0
5,3,53,920
0
5,3,54,140
0
5,3,57,0
0
5,0,2,0
0
5,0,0,0
7777000
5,3,58,71
0
5,3,53,921
0
5,3,54,140
0
5,3,57,0
0
5,0,2,0
0
5,0,0,0
8676000
5,3,58,71
0
5,3,53,922
0
5,3,54,140
0
5,3,57,0
0
5,0,2,0
0
5,0,0,0
7794000
5,3,58,70
0
5,3,53,922
0
5,3,54,140
0
5,3,57,0
0
5,0,2,0
0
5,0,0,0
8742000
5,3,58,68
0
5,3,53,922
0
5,3,54,140
0
5,3,57,0
0
5,0,2,0
0
5,0,0,0
7850000
5,3,58,63
0
5,3,53,922
0
5,3,54,140
0
5,3,57,0
0
5,0,2,0
0
5,0,0,0
8783000
5,3,58,50
0
5,3,53,922
0
5,3,54,140
0
5,3,57,0
0
5,0,2,0
0
5,0,0,0
7504000
5,0,2,0
0
5,1,330,0
0
5,0,0,0
9040889000
5,3,58,44
0
5,3,53,899
0
5,3,54,1739
0
5,3,57,0
0
5,0,2,0
0
5,1,330,1
0
5,0,0,0
5027000
5,3,58,44
0
5,3,53,899
0
5,3,54,1739
0
5,3,57,0
0
5,0,2,0
0
5,0,0,0
7796000
5,3,58,48
0
5,3,53,898
0
5,3,54,1738
0
5,3,57,0
0
5,0,2,0
0
5,0,0,0
7797000
5,3,58,49
0
5,3,53,897
0
5,3,54,1737
0
5,3,57,0
0
5,0,2,0
0
5,0,0,0
8625000
5,3,58,49
0
5,3,53,896
0
5,3,54,1735
0
5,3,57,0
0
5,0,2,0
0
5,0,0,0
7840000
5,3,58,50
0
5,3,53,895
0
5,3,54,1732
0
5,3,57,0
0
5,0,2,0
0
5,0,0,0
8629000
5,3,58,50
0
5,3,53,894
0
5,3,54,1729
0
5,3,57,0
0
5,0,2,0
0
5,0,0,0
7780000
5,3,58,50
0
5,3,53,894
0
5,3,54,1725
0
5,3,57,0
0
5,0,2,0
0
5,0,0,0
8705000
5,3,58,50
0
5,3,53,894
0
5,3,54,1721
0
5,3,57,0
0
5,0,2,0
0
5,0,0,0
7805000
5,3,58,50
0
5,3,53,894
0
5,3,54,1717
0
5,3,57,0
0
5,0,2,0
0
5,0,0,0
8658000
5,3,58,49
0
5,3,53,894
0
5,3,54,1713
0
5,3,57,0
0
5,0,2,0
0
5,0,0,0
7868000
5,3,58,49
0
5,3,53,894
0
5,3,54,1708
0
5,3,57,0
0
5,0,2,0
0
5,0,0,0
8675000
5,3,58,47
0
5,3,53,894
0
5,3,54,1702
0
5,3,57,0
0
5,0,2,0
0
5,0,0,0
7817000
5,3,58,50
0
5,3,53,894
0
5,3,54,1695
0
5,3,57,0
0
5,0,2,0
0
5,0,0,0
8740000
5,3,58,50
0
5,3,53,894
0
5,3,54,1688
0
5,3,57,0
0
5,0,2,0
0
5,0,0,0
7709000
5,3,58,51
0
5,3,53,894
0
5,3,54,1681
0
5,3,57,0
0
5,0,2,0
0
5,0,0,0
8737000
5,3,58,51
0
5,3,53,895
0
5,3,54,1673
0
5,3,57,0
0
5,0,2,0
0
5,0,0,0
7737000
5,3,58,52
0
5,3,53,895
0
5,3,54,1665
0
5,3,57,0
0
5,0,2,0
0
5,0,0,0
8682000
5,3,58,51
0
5,3,53,895
0
5,3,54,1656
0
5,3,57,0
0
5,0,2,0
0
5,0,0,0
7865000
5,3,58,53
0
5,3,53,896
0
5,3,54,1645
0
5,3,57,0
0
5,0,2,0
0
5,0,0,0
8641000
5,3,58,52
0
5,3,53,896
0
5,3,54,1633
0
5,3,57,0
0
5,0,2,0
0
5,0,0,0
7805000
5,3,58,53
0
5,3,53,896
0
5,3,54,1622
0
5,3,57,0
0
5,0,2,0
0
5,0,0,0
8648000
5,3,58,54
0
5,3,53,896
0
5,3,54,1611
0
5,3,57,0
0
5,0,2,0
0
5,0,0,0
7841000
5,3,58,54
0
5,3,53,895
0
5,3,54,1600
0
5,3,57,0
0
5,0,2,0
0
5,0,0,0
8617000
5,3,58,54
0
5,3,53,894
0
5,3,54,1590
0
5,3,57,0
0
5,0,2,0
0
5,0,0,0
7891000
5,3,58,57
0
5,3,53,894
0
5,3,54,1578
0
5,3,57,0
0
5,0,2,0
0
5,0,0,0
8619000
5,3,58,57
0
5,3,53,893
0
5,3,54,1566
0
5,3,57,0
0
5,0,2,0
0
5,0,0,0
7831000
5,3,58,56
0
5,3,53,893
0
5,3,54,1555
0
5,3,57,0
0
5,0,2,0
0
5,0,0,0
8633000
5,3,58,55
0
5,3,53,893
0
5,3,54,1544
0
5,3,57,0
0
5,0,2,0
0
5,0,0,0
7793000
5,3,58,55
0
5,3,53,893
0
5,3,54,1533
0
5,3,57,0
0
5,0,2,0
0
5,0,0,0
8640000
5,3,58,55
0
5,3,53,893
0
5,3,54,1523
0
5,3,57,0
0
5,0,2,0
0
5,0,0,0
7924000
5,3,58,60
0
5,3,53,893
0
5,3,54,1511
0
5,3,57,0
0
5,0,2,0
0
5,0,0,0
8651000
5,3,58,59
0
5,3,53,893
0
5,3,54,1498
0
5,3,57,0
0
5,0,2,0
0
5,0,0,0
7780000
5,3,58,56
0
5,3,53,893
0
5,3,54,1484
0
5,3,57,0
0
5,0,2,0
0
5,0,0,0
8666000
5,3,58,56
0
5,3,53,893
0
5,3,54,1470
0
5,3,57,0
0
5,0,2,0
0
5,0,0,0
7912000
5,3,58,58
0
5,3,53,893
0
5,3,54,1456
0
5,3,57,0
0
5,0,2,0
0
5,0,0,0
8591000
5,3,58,61
0
5,3,53,893
0
5,3,54,1440
0
5,3,57,0
0
5,0,2,0
0
5,0,0,0
7814000
5,3,58,58
0
5,3,53,893
0
5,3,54,1423
0
5,3,57,0
0
5,0,2,0
0
5,0,0,0
8605000
5,3,58,56
0
5,3,53,893
0
5,3,54,1405
0
5,3,57,0
0
5,0,2,0
0
5,0,0,0
7898000
5,3,58,60
0
5,3,53,893
0
5,3,54,1388
0
5,3,57,0
0
5,0,2,0
0
5,0,0,0
8702000
5,3,58,63
0
5,3,53,893
0
5,3,54,1370
0
5,3,57,0
0
5,0,2,0
0
5,0,0,0
7752000
5,3,58,58
0
5,3,53,893
0
5,3,54,1352
0
5,3,57,0
0
5,0,2,0
0
5,0,0,0
8604000
5,3,58,57
0
5,3,53,894
0
5,3,54,1334
0
5,3,57,0
0
5,0,2,0
0
5,0,0,0
7904000
5,3,58,62
0
5,3,53,895
0
5,3,54,1316
0
5,3,57,0
0
5,0,2,0
0
5,0,0,0
8718000
5,3,58,62
0
5,3,53,896
0
5,3,54,1298
0
5,3,57,0
0
5,0,2,0
0
5,0,0,0
7774000
5,3,58,60
0
5,3,53,897
0
5,3,54,1279
0
5,3,57,0
0
5,0,2,0
0
5,0,0,0
8616000
5,3,58,59
0
5,3,53,898
0
5,3,54,1259
0
5,3,57,0
0
5,0,2,0
0
5,0,0,0
7851000
5,3,58,62
0
5,3,53,899
0
5,3,54,1240
0
5,3,57,0
0
5,0,2,0
0
5,0,0,0
8594000
5,3,58,58
0
5,3,53,900
0
5,3,54,1220
0
5,3,57,0
0
5,0,2,0
0
5,0,0,0
7847000
5,3,58,59
0
5,3,53,901
0
5,3,54,1199
0
5,3,57,0
0
5,0,2,0
0
5,0,0,0
8654000
5,3,58,61
0
5,3,53,902
0
5,3,54,1179
0
5,3,57,0
0
5,0,2,0
0
5,0,0,0
7869000
5,3,58,62
0
5,3,53,902
0
5,3,54,1160
0
5,3,57,0
0
5,0,2,0
0
5,0,0,0
8662000
5,3,58,61
0
5,3,53,903
0
5,3,54,1140
0
5,3,57,0
0
5,0,2,0
0
5,0,0,0
7767000
5,3,58,60
0
5,3,53,903
0
5,3,54,1122
0
5,3,57,0
0
5,0,2,0
0
5,0,0,0
8786000
5,3,58,63
0
5,3,53,903
0
5,3,54,1104
0
5,3,57,0
0
5,0,2,0
0
5,0,0,0
7751000
5,3,58,63
0
5,3,53,903
0
5,3,54,1087
0
5,3,57,0
0
5,0,2,0
0
5,0,0,0
8667000
5,3,58,62
0
5,3,53,903
0
5,3,54,1070
0
5,3,57,0
0
5,0,2,0
0
5,0,0,0
7760000
5,3,58,60
0
5,3,53,902
0
5,3,54,1055
0
5,3,57,0
0
5,0,2,0
0
5,0,0,0
8682000
5,3,58,61
0
5,3,53,902
0
5,3,54,1040
0
5,3,57,0
0
5,0,2,0
0
5,0,0,0
7798000
5,3,58,63
0
5,3,53,901
0
5,3,54,1026
0
5,3,57,0
0
5,0,2,0
0
5,0,0,0
8616000
5,3,58,59
0
5,3,53,901
0
5,3,54,1011
0
5,3,57,0
0
5,0,2,0
0
5,0,0,0
7845000
5,3,58,61
0
5,3,53,901
0
5,3,54,997
0
5,3,57,0
0
5,0,2,0
0
5,0,0,0
8652000
5,3,58,60
0
5,3,53,901
0
5,3,54,984
0
5,3,57,0
0
5,0,2,0
0
5,0,0,0
7811000
5,3,58,61
0
5,3,53,901
0
5,3,54,972
0
5,3,57,0
0
5,0,2,0
0
5,0,0,0
8696000
5,3,58,62
0
5,3,53,901
0
5,3,54,958
0
5,3,57,0
0
5,0,2,0
0
5,0,0,0
7832000
5,3,58,62
0
5,3,53,901
0
5,3,54,945
0
5,3,57,0
0
5,0,2,0
0
5,0,0,0
8613000
5,3,58,61
0
5,3,53,901
0
5,3,54,930
0
5,3,57,0
0
5,0,2,0
0
5,0,0,0
7835000
5,3,58,60
0
5,3,53,901
0
5,3,54,916
0
5,3,57,0
0
5,0,2,0
0
5,0,0,0
8698000
5,3,58,61
0
5,3,53,902
0
5,3,54,903
0
5,3,57,0
0
5,0,2,0
0
5,0,0,0
7852000
5,3,58,62
0
5,3,53,902
0
5,3,54,889
0
5,3,57,0
0
5,0,2,0
0
5,0,0,0
8609000
5,3,58,58
0
5,3,53,902
0
5,3,54,875
0
5,3,57,0
0
5,0,2,0
0
5,0,0,0
7788000
5,3,58,60
0
5,3,53,903
0
5,3,54,860
0
5,3,57,0
0
5,0,2,0
0
5,0,0,0
8653000
5,3,58,57
0
5,3,53,905
0
5,3,54,843
0
5,3,57,0
0
5,0,2,0
0
5,0,0,0
7881000
5,3,58,57
0
5,3,53,907
0
5,3,54,827
0
5,3,57,0
0
5,0,2,0
0
5,0,0,0
8582000
5,3,58,55
0
5,3,53,909
0
5,3,54,811
0
5,3,57,0
0
5,0,2,0
0
5,0,0,0
8018000
5,3,58,58
0
5,3,53,910
0
5,3,54,796
0
5,3,57,0
0
5,0,2,0
0
5,0,0,0
8467000
5,3,58,57
0
5,3,53,911
0
5,3,54,780
0
5,3,57,0
0
5,0,2,0
0
5,0,0,0
7884000
5,3,58,56
0
5,3,53,912
0
5,3,54,766
0
5,3,57,0
0
5,0,2,0
0
5,0,0,0
8683000
5,3,58,60
0
5,3,53,912
0
5,3,54,752
0
5,3,57,0
0
5,0,2,0
0
5,0,0,0
7794000
5,3,58,59
0
5,3,53,912
0
5,3,54,738
0
5,3,57,0
0
5,0,2,0
0
5,0,0,0
8740000
5,3,58,61
0
5,3,53,913
0
5,3,54,723
0
5,3,57,0
0
5,0,2,0
0
5,0,0,0
7770000
5,3,58,62
0
5,3,53,913
0
5,3,54,709
0
5,3,57,0
0
5,0,2,0
0
5,0,0,0
8688000
5,3,58,61
0
5,3,53,913
0
5,3,54,694
0
5,3,57,0
0
5,0,2,0
0
5,0,0,0
7897000
5,3,58,64
0
5,3,53,912
0
5,3,54,680
0
5,3,57,0
0
5,0,2,0
0
5,0,0,0
8566000
5,3,58,63
0
5,3,53,912
0
5,3,54,665
0
5,3,57,0
0
5,0,2,0
0
5,0,0,0
7836000
5,3,58,64
0
5,3,53,911
0
5,3,54,650
0
5,3,57,0
0
5,0,2,0
0
5,0,0,0
8691000
5,3,58,63
0
5,3,53,910
0
5,3,54,636
0
5,3,57,0
0
5,0,2,0
0
5,0,0,0
7780000
5,3,58,65
0
5,3,53,909
0
5,3,54,622
0
5,3,57,0
0
5,0,2,0
0
5,0,0,0
8714000
5,3,58,65
0
5,3,53,908
0
5,3,54,608
0
5,3,57,0
0
5,0,2,0
0
5,0,0,0
7730000
5,3,58,64
0
5,3,53,907
0
5,3,54,594
0
5,3,57,0
0
5,0,2,0
0
5,0,0,0
8635000
5,3,58,65
0
5,3,53,907
0
5,3,54,580
0
5,3,57,0
0
5,0,2,0
0
5,0,0,0
7791000
5,3,58,65
0
5,3,53,907
0
5,3,54,568
0
5,3,57,0
0
5,0,2,0
0
5,0,0,0
8647000
5,3,58,67
0
5,3,53,907
0
5,3,54,556
0
5,3,57,0
0
5,0,2,0
0
5,0,0,0
7856000
5,3,58,67
0
5,3,53,907
0
5,3,54,545
0
5,3,57,0
0
5,0,2,0
0
5,0,0,0
8660000
5,3,58,69
0
5,3,53,907
0
5,3,54,533
0
5,3,57,0
0
5,0,2,0
0
5,0,0,0
7798000
5,3,58,68
0
5,3,53,908
0
5,3,54,522
0
5,3,57,0
0
5,0,2,0
0
5,0,0,0
8641000
5,3,58,67
0
5,3,53,909
0
5,3,54,511
0
5,3,57,0
0
5,0,2,0
0
5,0,0,0
7823000
5,3,58,67
0
5,3,53,910
0
5,3,54,501
0
5,3,57,0
0
5,0,2,0
0
5,0,0,0
8686000
5,3,58,68
0
5,3,53,911
0
5,3,54,491
0
5,3,57,0
0
5,0,2,0
0
5,0,0,0
7858000
5,3,58,70
0
5,3,53,912
0
5,3,54,481
0
5,3,57,0
0
5,0,2,0
0
5,0,0,0
8656000
5,3,58,70
0
5,3,53,913
0
5,3,54,470
0
5,3,57,0
0
5,0,2,0
0
5,0,0,0
7811000
5,3,58,68
0
5,3,53,915
0
5,3,54,459
0
5,3,57,0
0
5,0,2,0
0
5,0,0,0
8621000
5,3,58,67
0
5,3,53,917
0
5,3,54,448
0
5,3,57,0
0
5,0,2,0
0
5,0,0,0
7832000
5,3,58,68
0
5,3,53,919
0
5,3,54,438
0
5,3,57,0
0
5,0,2,0
0
5,0,0,0
8680000
5,3,58,67
0
5,3,53,921
0
5,3,54,429
0
5,3,57,0
0
5,0,2,0
0
5,0,0,0
7912000
5,3,58,69
0
5,3,53,923
0
5,3,54,420
0
5,3,57,0
0
5,0,2,0
0
5,0,0,0
8723000
5,3,58,70
0
5,3,53,925
0
5,3,54,411
0
5,3,57,0
0
5,0,2,0
0
5,0,0,0
7808000
5,3,58,72
0
5,3,53,927
0
5,3,54,403
0
5,3,57,0
0
5,0,2,0
0
5,0,0,0
8637000
5,3,58,68
0
5,3,53,928
0
5,3,54,394
0
5,3,57,0
0
5,0,2,0
0
5,0,0,0
7835000
5,3,58,69
0
5,3,53,929
0
5,3,54,387
0
5,3,57,0
0
5,0,2,0
0
5,0,0,0
8600000
5,3,58,69
0
5,3,53,930
0
5,3,54,380
0
5,3,57,0
0
5,0,2,0
0
5,0,0,0
7847000
5,3,58,68
0
5,3,53,931
0
5,3,54,374
0
5,3,57,0
0
5,0,2,0
0
5,0,0,0
8683000
5,3,58,68
0
5,3,53,932
0
5,3,54,368
0
5,3,57,0
0
5,0,2,0
0
5,0,0,0
7820000
5,3,58,68
0
5,3,53,933
0
5,3,54,362
0
5,3,57,0
0
5,0,2,0
0
5,0,0,0
8625000
5,3,58,68
0
5,3,53,933
0
5,3,54,357
0
5,3,57,0
0
5,0,2,0
0
5,0,0,0
7818000
5,3,58,68
0
5,3,53,934
0
5,3,54,352
0
5,3,57,0
0
5,0,2,0
0
5,0,0,0
8638000
5,3,58,70
0
5,3,53,935
0
5,3,54,348
0
5,3,57,0
0
5,0,2,0
0
5,0,0,0
7888000
5,3,58,71
0
5,3,53,936
0
5,3,54,343
0
5,3,57,0
0
5,0,2,0
0
5,0,0,0
8686000
5,3,58,71
0
5,3,53,937
0
5,3,54,339
0
5,3,57,0
0
5,0,2,0
0
5,0,0,0
7767000
5,3,58,71
0
5,3,53,938
0
5,3,54,335
0
5,3,57,0
0
5,0,2,0
0
5,0,0,0
8616000
5,3,58,71
0
5,3,53,939
0
5,3,54,330
0
5,3,57,0
0
5,0,2,0
0
5,0,0,0
7851000
5,3,58,69
0
5,3,53,940
0
5,3,54,325
0
5,3,57,0
0
5,0,2,0
0
5,0,0,0
8646000
5,3,58,71
0
5,3,53,941
0
5,3,54,320
0
5,3,57,0
0
5,0,2,0
0
5,0,0,0
7856000
5,3,58,71
0
5,3,53,942
0
5,3,54,315
0
5,3,57,0
0
5,0,2,0
0
5,0,0,0
8653000
5,3,58,69
0
5,3,53,943
0
5,3,54,310
0
5,3,57,0
0
5,0,2,0
0
5,0,0,0
7786000
5,3,58,67
0
5,3,53,945
0
5,3,54,305
0
5,3,57,0
0
5,0,2,0
0
5,0,0,0
8648000
5,3,58,67
0
5,3,53,946
0
5,3,54,300
0
5,3,57,0
0
5,0,2,0
0
5,0,0,0
7834000
5,3,58,67
0
5,3,53,947
0
5,3,54,296
0
5,3,57,0
0
5,0,2,0
0
5,0,0,0
8631000
5,3,58,67
0
5,3,53,948
0
5,3,54,292
0
5,3,57,0
0
5,0,2,0
0
5,0,0,0
7924000
5,3,58,69
0
5,3,53,949
0
5,3,54,288
0
5,3,57,0
0
5,0,2,0
0
5,0,0,0
12535000
5,3,58,69
0
5,3,53,950
0
5,3,54,284
0
5,3,57,0
0
5,0,2,0
0
5,0,0,0
4360000
5,3,58,69
0
5,3,53,951
0
5,3,54,281
0
5,3,57,0
0
5,0,2,0
0
5,0,0,0
8271000
5,3,58,69
0
5,3,53,952
0
5,3,54,278
0
5,3,57,0
0
5,0,2,0
0
5,0,0,0
7742000
5,3,58,72
0
5,3,53,953
0
5,3,54,275
0
5,3,57,0
0
5,0,2,0
0
5,0,0,0
8674000
5,3,58,70
0
5,3,53,954
0
5,3,54,272
0
5,3,57,0
0
5,0,2,0
0
5,0,0,0
7877000
5,3,58,71
0
5,3,53,955
0
5,3,54,269
0
5,3,57,0
0
5,0,2,0
0
5,0,0,0
8613000
5,3,58,71
0
5,3,53,956
0
5,3,54,267
0
5,3,57,0
0
5,0,2,0
0
5,0,0,0
7752000
5,3,58,71
0
5,3,53,957
0
5,3,54,265
0
5,3,57,0
0
5,0,2,0
0
5,0,0,0
8717000
5,3,58,71
0
5,3,53,958
0
5,3,54,263
0
5,3,57,0
0
5,0,2,0
0
5,0,0,0
7809000
5,3,58,71
0
5,3,53,959
0
5,3,54,261
0
5,3,57,0
0
5,0,2,0
0
5,0,0,0
8696000
5,3,58,71
0
5,3,53,960
0
5,3,54,259
0
5,3,57,0
0
5,0,2,0
0
5,0,0,0
7767000
5,3,58,72
0
5,3,53,960
0
5,3,54,257
0
5,3,57,0
0
5,0,2,0
0
5,0,0,0
8756000
5,3,58,72
0
5,3,53,960
0
5,3,54,255
0
5,3,57,0
0
5,0,2,0
0
5,0,0,0
7731000
5,3,58,72
0
5,3,53,960
0
5,3,54,253
0
5,3,57,0
0
5,0,2,0
0
5,0,0,0
8666000
5,3,58,72
0
5,3,53,960
0
5,3,54,252
0
5,3,57,0
0
5,0,2,0
0
5,0,0,0
7851000
5,3,58,72
0
5,3,53,960
0
5,3,54,250
0
5,3,57,0
0
5,0,2,0
0
5,0,0,0
8590000
5,3,58,72
0
5,3,53,960
0
5,3,54,249
0
5,3,57,0
0
5,0,2,0
0
5,0,0,0
7819000
5,3,58,72
0
5,3,53,960
0
5,3,54,248
0
5,3,57,0
0
5,0,2,0
0
5,0,0,0
8664000
5,3,58,72
0
5,3,53,960
0
5,3,54,247
0
5,3,57,0
0
5,0,2,0
0
5,0,0,0
7788000
5,3,58,73
0
5,3,53,961
0
5,3,54,245
0
5,3,57,0
0
5,0,2,0
0
5,0,0,0
8790000
5,3,58,72
0
5,3,53,962
0
5,3,54,243
0
5,3,57,0
0
5,0,2,0
0
5,0,0,0
7826000
5,3,58,73
0
5,3,53,962
0
5,3,54,242
0
5,3,57,0
0
5,0,2,0
0
5,0,0,0
8685000
5,3,58,74
0
5,3,53,963
0
5,3,54,240
0
5,3,57,0
0
5,0,2,0
0
5,0,0,0
7832000
5,3,58,74
0
5,3,53,964
0
5,3,54,238
0
5,3,57,0
0
5,0,2,0
0
5,0,0,0
8577000
5,3,58,74
0
5,3,53,965
0
5,3,54,236
0
5,3,57,0
0
5,0,2,0
0
5,0,0,0
7848000
5,3,58,74
0
5,3,53,966
0
5,3,54,234
0
5,3,57,0
0
5,0,2,0
0
5,0,0,0
8575000
5,3,58,71
0
5,3,53,967
0
5,3,54,232
0
5,3,57,0
0
5,0,2,0
0
5,0,0,0
7876000
5,3,58,71
0
5,3,53,968
0
5,3,54,230
0
5,3,57,0
0
5,0,2,0
0
5,0,0,0
8600000
5,3,58,69
0
5,3,53,969
0
5,3,54,227
0
5,3,57,0
0
5,0,2,0
0
5,0,0,0
7841000
5,3,58,70
0
5,3,53,970
0
5,3,54,225
0
5,3,57,0
0
5,0,2,0
0
5,0,0,0
8642000
5,3,58,70
0
5,3,53,971
0
5,3,54,223
0
5,3,57,0
0
5,0,2,0
0
5,0,0,0
7881000
5,3,58,71
0
5,3,53,972
0
5,3,54,221
0
5,3,57,0
0
5,0,2,0
0
5,0,0,0
8701000
5,3,58,71
0
5,3,53,973
0
5,3,54,218
0
5,3,57,0
0
5,0,2,0
0
5,0,0,0
7772000
5,3,58,71
0
5,3,53,974
0
5,3,54,216
0
5,3,57,0
0
5,0,2,0
0
5,0,0,0
8668000
5,3,58,71
0
5,3,53,975
0
5,3,54,214
0
5,3,57,0
0
5,0,2,0
0
5,0,0,0
7778000
5,3,58,73
0
5,3,53,976
0
5,3,54,212
0
5,3,57,0
0
5,0,2,0
0
5,0,0,0
8656000
5,3,58,72
0
5,3,53,977
0
5,3,54,210
0
5,3,57,0
0
5,0,2,0
0
5,0,0,0
7811000
5,3,58,73
0
5,3,53,978
0
5,3,54,208
0
5,3,57,0
0
5,0,2,0
0
5,0,0,0
8632000
5,3,58,73
0
5,3,53,979
0
5,3,54,206
0
5,3,57,0
0
5,0,2,0
0
5,0,0,0
7820000
5,3,58,73
0
5,3,53,980
0
5,3,54,204
0
5,3,57,0
0
5,0,2,0
0
5,0,0,0
8665000
5,3,58,73
0
5,3,53,981
0
5,3,54,202
0
5,3,57,0
0
5,0,2,0
0
5,0,0,0
7845000
5,3,58,73
0
5,3,53,982
0
5,3,54,201
0
5,3,57,0
0
5,0,2,0
0
5,0,0,0
8615000
5,3,58,73
0
5,3,53,983
0
5,3,54,200
0
5,3,57,0
0
5,0,2,0
0
5,0,0,0
7877000
5,3,58,73
0
5,3,53,984
0
5,3,54,199
0
5,3,57,0
0
5,0,2,0
0
5,0,0,0
8611000
5,3,58,73
0
5,3,53,985
0
5,3,54,198
0
5,3,57,0
0
5,0,2,0
0
5,0,0,0
7853000
5,3,58,73
0
5,3,53,985
0
5,3,54,197
0
5,3,57,0
0
5,0,2,0
0
5,0,0,0
8628000
5,3,58,73
0
5,3,53,985
0
5,3,54,196
0
5,3,57,0
0
5,0,2,0
0
5,0,0,0
7868000
5,3,58,73
0
5,3,53,985
0
5,3,54,195
0
5,3,57,0
0
5,0,2,0
0
5,0,0,0
8618000
5,3,58,73
0
5,3,53,986
0
5,3,54,194
0
5,3,57,0
0
5,0,2,0
0
5,0,0,0
7932000
5,3,58,74
0
5,3,53,987
0
5,3,54,193
0
5,3,57,0
0
5,0,2,0
0
5,0,0,0
8640000
5,3,58,73
0
5,3,53,987
0
5,3,54,192
0
5,3,57,0
0
5,0,2,0
0
5,0,0,0
7861000
5,3,58,74
0
5,3,53,987
0
5,3,54,191
0
5,3,57,0
0
5,0,2,0
0
5,0,0,0
8638000
5,3,58,74
0
5,3,53,987
0
5,3,54,190
0
5,3,57,0
0
5,0,2,0
0
5,0,0,0
7875000
5,3,58,74
0
5,3,53,988
0
5,3,54,189
0
5,3,57,0
0
5,0,2,0
0
5,0,0,0
8576000
5,3,58,74
0
5,3,53,988
0
5,3,54,189
0
5,3,57,0
0
5,0,2,0
0
5,0,0,0
7848000
5,3,58,74
0
5,3,53,988
0
5,3,54,189
0
5,3,57,0
0
5,0,2,0
0
5,0,0,0
8642000
5,3,58,74
0
5,3,53,988
0
5,3,54,189
0
5,3,57,0
0
5,0,2,0
0
5,0,0,0
7851000
5,3,58,74
0
5,3,53,988
0
5,3,54,189
0
5,3,57,0
0
5,0,2,0
0
5,0,0,0
8631000
5,3,58,74
0
5,3,53,988
0
5,3,54,189
0
5,3,57,0
0
5,0,2,0
0
5,0,0,0
7751000
5,3,58,74
0
5,3,53,988
0
5,3,54,189
0
5,3,57,0
0
5,0,2,0
0
5,0,0,0
8714000
5,3,58,74
0
5,3,53,989
0
5,3,54,189
0
5,3,57,0
0
5,0,2,0
0
5,0,0,0
7790000
5,3,58,74
0
5,3,53,989
0
5,3,54,189
0
5,3,57,0
0
5,0,2,0
0
5,0,0,0
8665000
5,3,58,74
0
5,3,53,989
0
5,3,54,189
0
5,3,57,0
0
5,0,2,0
0
5,0,0,0
7813000
5,3,58,74
0
5,3,53,989
0
5,3,54,189
0
5,3,57,0
0
5,0,2,0
0
5,0,0,0
8703000
5,3,58,74
0
5,3,53,989
0
5,3,54,189
0
5,3,57,0
0
5,0,2,0
0
5,0,0,0
7839000
5,3,58,74
0
5,3,53,989
0
5,3,54,189
0
5,3,57,0
0
5,0,2,0
0
5,0,0,0
8625000
5,3,58,74
0
5,3,53,989
0
5,3,54,189
0
5,3,57,0
0
5,0,2,0
0
5,0,0,0
7877000
5,3,58,74
0
5,3,53,989
0
5,3,54,189
0
5,3,57,0
0
5,0,2,0
0
5,0,0,0
8672000
5,3,58,74
0
5,3,53,989
0
5,3,54,189
0
5,3,57,0
0
5,0,2,0
0
5,0,0,0
7779000
5,3,58,74
0
5,3,53,989
0
5,3,54,189
0
5,3,57,0
0
5,0,2,0
0
5,0,0,0
8623000
5,3,58,74
0
5,3,53,989
0
5,3,54,189
0
5,3,57,0
0
5,0,2,0
0
5,0,0,0
7715000
5,3,58,74
0
5,3,53,989
0
5,3,54,189
0
5,3,57,0
0
5,0,2,0
0
5,0,0,0
8699000
5,3,58,74
0
5,3,53,989
0
5,3,54,189
0
5,3,57,0
0
5,0,2,0
0
5,0,0,0
7776000
5,3,58,74
0
5,3,53,990
0
5,3,54,189
0
5,3,57,0
0
5,0,2,0
0
5,0,0,0
8740000
5,3,58,74
0
5,3,53,990
0
5,3,54,189
0
5,3,57,0
0
5,0,2,0
0
5,0,0,0
7760000
5,3,58,74
0
5,3,53,990
0
5,3,54,189
0
5,3,57,0
0
5,0,2,0
0
5,0,0,0
8670000
5,3,58,74
0
5,3,53,990
0
5,3,54,189
0
5,3,57,0
0
5,0,2,0
0
5,0,0,0
7785000
5,3,58,74
0
5,3,53,991
0
5,3,54,189
0
5,3,57,0
0
5,0,2,0
0
5,0,0,0
8692000
5,3,58,74
0
5,3,53,991
0
5,3,54,189
0
5,3,57,0
0
5,0,2,0
0
5,0,0,0
7782000
5,3,58,74
0
5,3,53,992
0
5,3,54,189
0
5,3,57,0
0
5,0,2,0
0
5,0,0,0
8710000
5,3,58,74
0
5,3,53,992
0
5,3,54,189
0
5,3,57,0
0
5,0,2,0
0
5,0,0,0
7767000
5,3,58,74
0
5,3,53,992
0
5,3,54,189
0
5,3,57,0
0
5,0,2,0
0
5,0,0,0
8698000
5,3,58,74
0
5,3,53,992
0
5,3,54,189
0
5,3,57,0
0
5,0,2,0
0
5,0,0,0
7802000
5,3,58,74
0
5,3,53,992
0
5,3,54,189
0
5,3,57,0
0
5,0,2,0
0
5,0,0,0
8728000
5,3,58,74
0
5,3,53,992
0
5,3,54,189
0
5,3,57,0
0
5,0,2,0
0
5,0,0,0
7790000
5,3,58,72
0
5,3,53,992
0
5,3,54,189
0
5,3,57,0
0
5,0,2,0
0
5,0,0,0
8705000
5,3,58,71
0
5,3,53,993
0
5,3,54,189
0
5,3,57,0
0
5,0,2,0
0
5,0,0,0
7770000
5,3,58,68
0
5,3,53,994
0
5,3,54,189
0
5,3,57,0
0
5,0,2,0
0
5,0,0,0
8672000
5,3,58,60
0
5,3,53,995
0
5,3,54,189
0
5,3,57,0
0
5,0,2,0
0
5,0,0,0
7841000
5,3,58,50
0
5,3,53,995
0
5,3,54,189
0
5,3,57,0
0
5,0,2,0
0
5,0,0,0
8622000
5,3,58,31
0
5,3,53,995
0
5,3,54,189
0
5,3,57,0
0
5,0,2,0
0
5,0,0,0
7304000
5,0,2,0
0
5,1,330,0
0
5,0,0,0
7327917000
5,3,58,48
0
5,3,53,903
0
5,3,54,1708
0
5,3,57,0
0
5,0,2,0
0
5,1,330,1
0
5,0,0,0
5380000
5,3,58,48
0
5,3,53,903
0
5,3,54,1708
0
5,3,57,0
0
5,0,2,0
0
5,0,0,0
7814000
5,3,58,49
0
5,3,53,903
0
5,3,54,1708
0
5,3,57,0
0
5,0,2,0
0
5,0,0,0
7908000
5,3,58,51
0
5,3,53,902
0
5,3,54,1707
0
5,3,57,0
0
5,0,2,0
0
5,0,0,0
8573000
5,3,58,51
0
5,3,53,901
0
5,3,54,1706
0
5,3,57,0
0
5,0,2,0
0
5,0,0,0
7694000
5,3,58,51
0
5,3,53,900
0
5,3,54,1705
0
5,3,57,0
0
5,0,2,0
0
5,0,0,0
8709000
5,3,58,51
0
5,3,53,899
0
5,3,54,1703
0
5,3,57,0
0
5,0,2,0
0
5,0,0,0
7793000
5,3,58,53
0
5,3,53,899
0
5,3,54,1700
0
5,3,57,0
0
5,0,2,0
0
5,0,0,0
8760000
5,3,58,54
0
5,3,53,899
0
5,3,54,1697
0
5,3,57,0
0
5,0,2,0
0
5,0,0,0
7690000
5,3,58,51
0
5,3,53,899
0
5,3,54,1692
0
5,3,57,0
0
5,0,2,0
0
5,0,0,0
8736000
5,3,58,52
0
5,3,53,899
0
5,3,54,1687
0
5,3,57,0
0
5,0,2,0
0
5,0,0,0
7743000
5,3,58,52
0
5,3,53,899
0
5,3,54,1681
0
5,3,57,0
0
5,0,2,0
0
5,0,0,0
8764000
5,3,58,52
0
5,3,53,899
0
5,3,54,1673
0
5,3,57,0
0
5,0,2,0
0
5,0,0,0
7758000
5,3,58,52
0
5,3,53,899
0
5,3,54,1664
0
5,3,57,0
0
5,0,2,0
0
5,0,0,0
8727000
5,3,58,51
0
5,3,53,899
0
5,3,54,1654
0
5,3,57,0
0
5,0,2,0
0
5,0,0,0
7710000
5,3,58,48
0
5,3,53,900
0
5,3,54,1640
0
5,3,57,0
0
5,0,2,0
0
5,0,0,0
8785000
5,3,58,51
0
5,3,53,901
0
5,3,54,1625
0
5,3,57,0
0
5,0,2,0
0
5,0,0,0
7685000
5,3,58,51
0
5,3,53,902
0
5,3,54,1609
0
5,3,57,0
0
5,0,2,0
0
5,0,0,0
8740000
5,3,58,52
0
5,3,53,904
0
5,3,54,1589
0
5,3,57,0
0
5,0,2,0
0
5,0,0,0
7764000
5,3,58,52
0
5,3,53,904
0
5,3,54,1571
0
5,3,57,0
0
5,0,2,0
0
5,0,0,0
8685000
5,3,58,51
0
5,3,53,904
0
5,3,54,1549
0
5,3,57,0
0
5,0,2,0
0
5,0,0,0
7725000
5,3,58,53
0
5,3,53,905
0
5,3,54,1525
0
5,3,57,0
0
5,0,2,0
0
5,0,0,0
8743000
5,3,58,52
0
5,3,53,905
0
5,3,54,1497
0
5,3,57,0
0
5,0,2,0
0
5,0,0,0
7732000
5,3,58,54
0
5,3,53,905
0
5,3,54,1469
0
5,3,57,0
0
5,0,2,0
0
5,0,0,0
8770000
5,3,58,51
0
5,3,53,904
0
5,3,54,1437
0
5,3,57,0
0
5,0,2,0
0
5,0,0,0
7707000
5,3,58,53
0
5,3,53,902
0
5,3,54,1408
0
5,3,57,0
0
5,0,2,0
0
5,0,0,0
8726000
5,3,58,55
0
5,3,53,900
0
5,3,54,1376
0
5,3,57,0
0
5,0,2,0
0
5,0,0,0
7846000
5,3,58,53
0
5,3,53,898
0
5,3,54,1345
0
5,3,57,0
0
5,0,2,0
0
5,0,0,0
8710000
5,3,58,58
0
5,3,53,894
0
5,3,54,1313
0
5,3,57,0
0
5,0,2,0
0
5,0,0,0
7777000
5,3,58,56
0
5,3,53,890
0
5,3,54,1281
0
5,3,57,0
0
5,0,2,0
0
5,0,0,0
8613000
5,3,58,55
0
5,3,53,886
0
5,3,54,1249
0
5,3,57,0
0
5,0,2,0
0
5,0,0,0
7976000
5,3,58,58
0
5,3,53,881
0
5,3,54,1216
0
5,3,57,0
0
5,0,2,0
0
5,0,0,0
8673000
5,3,58,60
0
5,3,53,876
0
5,3,54,1183
0
5,3,57,0
0
5,0,2,0
0
5,0,0,0
7792000
5,3,58,60
0
5,3,53,871
0
5,3,54,1148
0
5,3,57,0
0
5,0,2,0
0
5,0,0,0
8713000
5,3,58,59
0
5,3,53,866
0
5,3,54,1112
0
5,3,57,0
0
5,0,2,0
0
5,0,0,0
7767000
5,3,58,60
0
5,3,53,863
0
5,3,54,1074
0
5,3,57,0
0
5,0,2,0
0
5,0,0,0
8598000
5,3,58,59
0
5,3,53,861
0
5,3,54,1034
0
5,3,57,0
0
5,0,2,0
0
5,0,0,0
7885000
5,3,58,60
0
5,3,53,859
0
5,3,54,994
0
5,3,57,0
0
5,0,2,0
0
5,0,0,0
8735000
5,3,58,59
0
5,3,53,859
0
5,3,54,950
0
5,3,57,0
0
5,0,2,0
0
5,0,0,0
7731000
5,3,58,59
0
5,3,53,858
0
5,3,54,908
0
5,3,57,0
0
5,0,2,0
0
5,0,0,0
8734000
5,3,58,60
0
5,3,53,858
0
5,3,54,862
0
5,3,57,0
0
5,0,2,0
0
5,0,0,0
7828000
5,3,58,61
0
5,3,53,858
0
5,3,54,820
0
5,3,57,0
0
5,0,2,0
0
5,0,0,0
8617000
5,3,58,59
0
5,3,53,857
0
5,3,54,777
0
5,3,57,0
0
5,0,2,0
0
5,0,0,0
7801000
5,3,58,61
0
5,3,53,857
0
5,3,54,735
0
5,3,57,0
0
5,0,2,0
0
5,0,0,0
8701000
5,3,58,62
0
5,3,53,857
0
5,3,54,693
0
5,3,57,0
0
5,0,2,0
0
5,0,0,0
7824000
5,3,58,62
0
5,3,53,857
0
5,3,54,654
0
5,3,57,0
0
5,0,2,0
0
5,0,0,0
8620000
5,3,58,63
0
5,3,53,857
0
5,3,54,612
0
5,3,57,0
0
5,0,2,0
0
5,0,0,0
7793000
5,3,58,63
0
5,3,53,858
0
5,3,54,576
0
5,3,57,0
0
5,0,2,0
0
5,0,0,0
8663000
5,3,58,65
0
5,3,53,859
0
5,3,54,536
0
5,3,57,0
0
5,0,2,0
0
5,0,0,0
7854000
5,3,58,66
0
5,3,53,860
0
5,3,54,504
0
5,3,57,0
0
5,0,2,0
0
5,0,0,0
8673000
5,3,58,67
0
5,3,53,861
0
5,3,54,470
0
5,3,57,0
0
5,0,2,0
0
5,0,0,0
7796000
5,3,58,66
0
5,3,53,862
0
5,3,54,442
0
5,3,57,0
0
5,0,2,0
0
5,0,0,0
8658000
5,3,58,69
0
5,3,53,863
0
5,3,54,416
0
5,3,57,0
0
5,0,2,0
0
5,0,0,0
7765000
5,3,58,69
0
5,3,53,864
0
5,3,54,391
0
5,3,57,0
0
5,0,2,0
0
5,0,0,0
8605000
5,3,58,67
0
5,3,53,865
0
5,3,54,369
0
5,3,57,0
0
5,0,2,0
0
5,0,0,0
7900000
5,3,58,71
0
5,3,53,866
0
5,3,54,351
0
5,3,57,0
0
5,0,2,0
0
5,0,0,0
8603000
5,3,58,69
0
5,3,53,866
0
5,3,54,332
0
5,3,57,0
0
5,0,2,0
0
5,0,0,0
7844000
5,3,58,70
0
5,3,53,866
0
5,3,54,317
0
5,3,57,0
0
5,0,2,0
0
5,0,0,0
8609000
5,3,58,68
0
5,3,53,867
0
5,3,54,303
0
5,3,57,0
0
5,0,2,0
0
5,0,0,0
7884000
5,3,58,70
0
5,3,53,868
0
5,3,54,292
0
5,3,57,0
0
5,0,2,0
0
5,0,0,0
8656000
5,3,58,71
0
5,3,53,869
0
5,3,54,281
0
5,3,57,0
0
5,0,2,0
0
5,0,0,0
7815000
5,3,58,71
0
5,3,53,870
0
5,3,54,270
0
5,3,57,0
0
5,0,2,0
0
5,0,0,0
8656000
5,3,58,72
0
5,3,53,871
0
5,3,54,259
0
5,3,57,0
0
5,0,2,0
0
5,0,0,0
7866000
5,3,58,70
0
5,3,53,871
0
5,3,54,250
0
5,3,57,0
0
5,0,2,0
0
5,0,0,0
8598000
5,3,58,70
0
5,3,53,871
0
5,3,54,242
0
5,3,57,0
0
5,0,2,0
0
5,0,0,0
7821000
5,3,58,69
0
5,3,53,871
0
5,3,54,236
0
5,3,57,0
0
5,0,2,0
0
5,0,0,0
8655000
5,3,58,69
0
5,3,53,871
0
5,3,54,230
0
5,3,57,0
0
5,0,2,0
0
5,0,0,0
7854000
5,3,58,69
0
5,3,53,871
0
5,3,54,226
0
5,3,57,0
0
5,0,2,0
0
5,0,0,0
8674000
5,3,58,69
0
5,3,53,871
0
5,3,54,222
0
5,3,57,0
0
5,0,2,0
0
5,0,0,0
7886000
5,3,58,70
0
5,3,53,871
0
5,3,54,219
0
5,3,57,0
0
5,0,2,0
0
5,0,0,0
8584000
5,3,58,70
0
5,3,53,871
0
5,3,54,216
0
5,3,57,0
0
5,0,2,0
0
5,0,0,0
7891000
5,3,58,70
0
5,3,53,871
0
5,3,54,214
0
5,3,57,0
0
5,0,2,0
0
5,0,0,0
8598000
5,3,58,69
0
5,3,53,870
0
5,3,54,212
0
5,3,57,0
0
5,0,2,0
0
5,0,0,0
7871000
5,3,58,70
0
5,3,53,869
0
5,3,54,210
0
5,3,57,0
0
5,0,2,0
0
5,0,0,0
8626000
5,3,58,69
0
5,3,53,868
0
5,3,54,208
0
5,3,57,0
0
5,0,2,0
0
5,0,0,0
7860000
5,3,58,70
0
5,3,53,867
0
5,3,54,207
0
5,3,57,0
0
5,0,2,0
0
5,0,0,0
8667000
5,3,58,69
0
5,3,53,867
0
5,3,54,206
0
5,3,57,0
0
5,0,2,0
0
5,0,0,0
7847000
5,3,58,71
0
5,3,53,866
0
5,3,54,205
0
5,3,57,0
0
5,0,2,0
0
5,0,0,0
8684000
5,3,58,72
0
5,3,53,866
0
5,3,54,204
0
5,3,57,0
0
5,0,2,0
0
5,0,0,0
7877000
5,3,58,72
0
5,3,53,865
0
5,3,54,203
0
5,3,57,0
0
5,0,2,0
0
5,0,0,0
8520000
5,3,58,72
0
5,3,53,865
0
5,3,54,202
0
5,3,57,0
0
5,0,2,0
0
5,0,0,0
7928000
5,3,58,72
0
5,3,53,864
0
5,3,54,201
0
5,3,57,0
0
5,0,2,0
0
5,0,0,0
8554000
5,3,58,72
0
5,3,53,863
0
5,3,54,200
0
5,3,57,0
0
5,0,2,0
0
5,0,0,0
7843000
5,3,58,72
0
5,3,53,863
0
5,3,54,199
0
5,3,57,0
0
5,0,2,0
0
5,0,0,0
8628000
5,3,58,72
0
5,3,53,863
0
5,3,54,198
0
5,3,57,0
0
5,0,2,0
0
5,0,0,0
7901000
5,3,58,72
0
5,3,53,863
0
5,3,54,197
0
5,3,57,0
0
5,0,2,0
0
5,0,0,0
8650000
5,3,58,72
0
5,3,53,863
0
5,3,54,196
0
5,3,57,0
0
5,0,2,0
0
5,0,0,0
7865000
5,3,58,72
0
5,3,53,863
0
5,3,54,195
0
5,3,57,0
0
5,0,2,0
0
5,0,0,0
8583000
5,3,58,72
0
5,3,53,863
0
5,3,54,194
0
5,3,57,0
0
5,0,2,0
0
5,0,0,0
7891000
5,3,58,72
0
5,3,53,863
0
5,3,54,193
0
5,3,57,0
0
5,0,2,0
0
5,0,0,0
8593000
5,3,58,72
0
5,3,53,863
0
5,3,54,192
0
5,3,57,0
0
5,0,2,0
0
5,0,0,0
7918000
5,3,58,72
0
5,3,53,863
0
5,3,54,191
0
5,3,57,0
0
5,0,2,0
0
5,0,0,0
8572000
5,3,58,72
0
5,3,53,863
0
5,3,54,190
0
5,3,57,0
0
5,0,2,0
0
5,0,0,0
7885000
5,3,58,72
0
5,3,53,863
0
5,3,54,190
0
5,3,57,0
0
5,0,2,0
0
5,0,0,0
8494000
5,3,58,72
0
5,3,53,863
0
5,3,54,190
0
5,3,57,0
0
5,0,2,0
0
5,0,0,0
7862000
5,3,58,72
0
5,3,53,863
0
5,3,54,190
0
5,3,57,0
0
5,0,2,0
0
5,0,0,0
8621000
5,3,58,72
0
5,3,53,863
0
5,3,54,190
0
5,3,57,0
0
5,0,2,0
0
5,0,0,0
7831000
5,3,58,72
0
5,3,53,863
0
5,3,54,190
0
5,3,57,0
0
5,0,2,0
0
5,0,0,0
8649000
5,3,58,72
0
5,3,53,863
0
5,3,54,190
0
5,3,57,0
0
5,0,2,0
0
5,0,0,0
7791000
5,3,58,72
0
5,3,53,863
0
5,3,54,190
0
5,3,57,0
0
5,0,2,0
0
5,0,0,0
8713000
5,3,58,71
0
5,3,53,863
0
5,3,54,190
0
5,3,57,0
0
5,0,2,0
0
5,0,0,0
7768000
5,3,58,71
0
5,3,53,863
0
5,3,54,190
0
5,3,57,0
0
5,0,2,0
0
5,0,0,0
8685000
5,3,58,68
0
5,3,53,863
0
5,3,54,190
0
5,3,57,0
0
5,0,2,0
0
5,0,0,0
7781000
5,3,58,62
0
5,3,53,863
0
5,3,54,190
0
5,3,57,0
0
5,0,2,0
0
5,0,0,0
8670000
5,3,58,48
0
5,3,53,864
0
5,3,54,190
0
5,3,57,0
0
5,0,2,0
0
5,0,0,0
7792000
5,3,58,35
0
5,3,53,864
0
5,3,54,190
0
5,3,57,0
0
5,0,2,0
0
5,0,0,0
8062000
5,0,2,0
0
5,1,330,0
0
5,0,0,0
