1752
0
5,3,58,47
0
5,3,53,870
0
5,3,54,1745
0
5,3,57,0
0
5,0,2,0
0
5,1,330,1
0
5,0,0,0
5270000
5,3,58,47
0
5,3,53,870
0
5,3,54,1745
0
5,3,57,0
0
5,0,2,0
0
5,0,0,0
8270000
5,3,58,47
0
5,3,53,870
0
5,3,54,1745
0
5,3,57,0
0
5,0,2,0
0
5,0,0,0
7651000
5,3,58,51
0
5,3,53,870
0
5,3,54,1745
0
5,3,57,0
0
5,0,2,0
0
5,0,0,0
8148000
5,3,58,52
0
5,3,53,870
0
5,3,54,1745
0
5,3,57,0
0
5,0,2,0
0
5,0,0,0
7737000
5,3,58,55
0
5,3,53,870
0
5,3,54,1745
0
5,3,57,0
0
5,0,2,0
0
5,0,0,0
8699000
5,3,58,56
0
5,3,53,870
0
5,3,54,1745
0
5,3,57,0
0
5,0,2,0
0
5,0,0,0
7731000
5,3,58,57
0
5,3,53,870
0
5,3,54,1745
0
5,3,57,0
0
5,0,2,0
0
5,0,0,0
8717000
5,3,58,60
0
5,3,53,869
0
5,3,54,1744
0
5,3,57,0
0
5,0,2,0
0
5,0,0,0
7826000
5,3,58,60
0
5,3,53,868
0
5,3,54,1743
0
5,3,57,0
0
5,0,2,0
0
5,0,0,0
8637000
5,3,58,59
0
5,3,53,866
0
5,3,54,1741
0
5,3,57,0
0
5,0,2,0
0
5,0,0,0
7772000
5,3,58,60
0
5,3,53,864
0
5,3,54,1738
0
5,3,57,0
0
5,0,2,0
0
5,0,0,0
8693000
5,3,58,60
0
5,3,53,862
0
5,3,54,1734
0
5,3,57,0
0
5,0,2,0
0
5,0,0,0
7779000
5,3,58,60
0
5,3,53,860
0
5,3,54,1727
0
5,3,57,0
0
5,0,2,0
0
5,0,0,0
8771000
5,3,58,60
0
5,3,53,857
0
5,3,54,1717
0
5,3,57,0
0
5,0,2,0
0
5,0,0,0
7789000
5,3,58,59
0
5,3,53,853
0
5,3,54,1703
0
5,3,57,0
0
5,0,2,0
0
5,0,0,0
8645000
5,3,58,60
0
5,3,53,850
0
5,3,54,1684
0
5,3,57,0
0
5,0,2,0
0
5,0,0,0
7794000
5,3,58,60
0
5,3,53,847
0
5,3,54,1664
0
5,3,57,0
0
5,0,2,0
0
5,0,0,0
8776000
5,3,58,62
0
5,3,53,844
0
5,3,54,1635
0
5,3,57,0
0
5,0,2,0
0
5,0,0,0
7757000
5,3,58,59
0
5,3,53,841
0
5,3,54,1605
0
5,3,57,0
0
5,0,2,0
0
5,0,0,0
8772000
5,3,58,58
0
5,3,53,837
0
5,3,54,1567
0
5,3,57,0
0
5,0,2,0
0
5,0,0,0
7684000
5,3,58,61
0
5,3,53,835
0
5,3,54,1530
0
5,3,57,0
0
5,0,2,0
0
5,0,0,0
8688000
5,3,58,59
0
5,3,53,832
0
5,3,54,1484
0
5,3,57,0
0
5,0,2,0
0
5,0,0,0
7899000
5,3,58,63
0
5,3,53,830
0
5,3,54,1442
0
5,3,57,0
0
5,0,2,0
0
5,0,0,0
8644000
5,3,58,60
0
5,3,53,828
0
5,3,54,1391
0
5,3,57,0
0
5,0,2,0
0
5,0,0,0
7730000
5,3,58,60
0
5,3,53,826
0
5,3,54,1336
0
5,3,57,0
0
5,0,2,0
0
5,0,0,0
8685000
5,3,58,59
0
5,3,53,824
0
5,3,54,1281
0
5,3,57,0
0
5,0,2,0
0
5,0,0,0
7815000
5,3,58,63
0
5,3,53,822
0
5,3,54,1231
0
5,3,57,0
0
5,0,2,0
0
5,0,0,0
8720000
5,3,58,64
0
5,3,53,822
0
5,3,54,1170
0
5,3,57,0
0
5,0,2,0
0
5,0,0,0
7694000
5,3,58,64
0
5,3,53,822
0
5,3,54,1114
0
5,3,57,0
0
5,0,2,0
0
5,0,0,0
8778000
5,3,58,63
0
5,3,53,822
0
5,3,54,1050
0
5,3,57,0
0
5,0,2,0
0
5,0,0,0
7700000
5,3,58,60
0
5,3,53,822
0
5,3,54,993
0
5,3,57,0
0
5,0,2,0
0
5,0,0,0
10174000
5,3,58,60
0
5,3,53,824
0
5,3,54,929
0
5,3,57,0
0
5,0,2,0
0
5,0,0,0
6415000
5,3,58,62
0
5,3,53,827
0
5,3,54,874
0
5,3,57,0
0
5,0,2,0
0
5,0,0,0
8658000
5,3,58,63
0
5,3,53,830
0
5,3,54,817
0
5,3,57,0
0
5,0,2,0
0
5,0,0,0
7709000
5,3,58,63
0
5,3,53,834
0
5,3,54,765
0
5,3,57,0
0
5,0,2,0
0
5,0,0,0
8681000
5,3,58,61
0
5,3,53,842
0
5,3,54,708
0
5,3,57,0
0
5,0,2,0
0
5,0,0,0
7854000
5,3,58,61
0
5,3,53,850
0
5,3,54,660
0
5,3,57,0
0
5,0,2,0
0
5,0,0,0
8653000
5,3,58,61
0
5,3,53,858
0
5,3,54,610
0
5,3,57,0
0
5,0,2,0
0
5,0,0,0
7883000
5,3,58,61
0
5,3,53,865
0
5,3,54,570
0
5,3,57,0
0
5,0,2,0
0
5,0,0,0
8668000
5,3,58,60
0
5,3,53,873
0
5,3,54,525
0
5,3,57,0
0
5,0,2,0
0
5,0,0,0
7807000
5,3,58,62
0
5,3,53,880
0
5,3,54,487
0
5,3,57,0
0
5,0,2,0
0
5,0,0,0
8577000
5,3,58,57
0
5,3,53,886
0
5,3,54,447
0
5,3,57,0
0
5,0,2,0
0
5,0,0,0
8066000
5,3,58,65
0
5,3,53,889
0
5,3,54,414
0
5,3,57,0
0
5,0,2,0
0
5,0,0,0
8502000
5,3,58,60
0
5,3,53,892
0
5,3,54,380
0
5,3,57,0
0
5,0,2,0
0
5,0,0,0
7940000
5,3,58,66
0
5,3,53,894
0
5,3,54,352
0
5,3,57,0
0
5,0,2,0
0
5,0,0,0
8631000
5,3,58,65
0
5,3,53,895
0
5,3,54,324
0
5,3,57,0
0
5,0,2,0
0
5,0,0,0
7792000
5,3,58,62
0
5,3,53,895
0
5,3,54,301
0
5,3,57,0
0
5,0,2,0
0
5,0,0,0
8695000
5,3,58,69
0
5,3,53,895
0
5,3,54,281
0
5,3,57,0
0
5,0,2,0
0
5,0,0,0
7842000
5,3,58,69
0
5,3,53,894
0
5,3,54,263
0
5,3,57,0
0
5,0,2,0
0
5,0,0,0
8521000
5,3,58,67
0
5,3,53,893
0
5,3,54,244
0
5,3,57,0
0
5,0,2,0
0
5,0,0,0
7849000
5,3,58,68
0
5,3,53,892
0
5,3,54,229
0
5,3,57,0
0
5,0,2,0
0
5,0,0,0
8679000
5,3,58,70
0
5,3,53,891
0
5,3,54,214
0
5,3,57,0
0
5,0,2,0
0
5,0,0,0
7828000
5,3,58,71
0
5,3,53,889
0
5,3,54,200
0
5,3,57,0
0
5,0,2,0
0
5,0,0,0
8632000
5,3,58,69
0
5,3,53,888
0
5,3,54,186
0
5,3,57,0
0
5,0,2,0
0
5,0,0,0
7799000
5,3,58,70
0
5,3,53,886
0
5,3,54,174
0
5,3,57,0
0
5,0,2,0
0
5,0,0,0
8649000
5,3,58,68
0
5,3,53,885
0
5,3,54,163
0
5,3,57,0
0
5,0,2,0
0
5,0,0,0
7864000
5,3,58,72
0
5,3,53,884
0
5,3,54,154
0
5,3,57,0
0
5,0,2,0
0
5,0,0,0
8634000
5,3,58,72
0
5,3,53,883
0
5,3,54,145
0
5,3,57,0
0
5,0,2,0
0
5,0,0,0
7879000
5,3,58,72
0
5,3,53,882
0
5,3,54,137
0
5,3,57,0
0
5,0,2,0
0
5,0,0,0
8629000
5,3,58,72
0
5,3,53,881
0
5,3,54,130
0
5,3,57,0
0
5,0,2,0
0
5,0,0,0
7833000
5,3,58,72
0
5,3,53,880
0
5,3,54,125
0
5,3,57,0
0
5,0,2,0
0
5,0,0,0
8672000
5,3,58,70
0
5,3,53,879
0
5,3,54,120
0
5,3,57,0
0
5,0,2,0
0
5,0,0,0
7802000
5,3,58,70
0
5,3,53,878
0
5,3,54,116
0
5,3,57,0
0
5,0,2,0
0
5,0,0,0
8686000
5,3,58,70
0
5,3,53,877
0
5,3,54,113
0
5,3,57,0
0
5,0,2,0
0
5,0,0,0
7833000
5,3,58,72
0
5,3,53,877
0
5,3,54,111
0
5,3,57,0
0
5,0,2,0
0
5,0,0,0
8682000
5,3,58,70
0
5,3,53,877
0
5,3,54,109
0
5,3,57,0
0
5,0,2,0
0
5,0,0,0
7744000
5,3,58,70
0
5,3,53,876
0
5,3,54,108
0
5,3,57,0
0
5,0,2,0
0
5,0,0,0
8703000
5,3,58,70
0
5,3,53,876
0
5,3,54,107
0
5,3,57,0
0
5,0,2,0
0
5,0,0,0
7757000
5,3,58,70
0
5,3,53,876
0
5,3,54,106
0
5,3,57,0
0
5,0,2,0
0
5,0,0,0
8694000
5,3,58,69
0
5,3,53,876
0
5,3,54,105
0
5,3,57,0
0
5,0,2,0
0
5,0,0,0
7810000
5,3,58,69
0
5,3,53,876
0
5,3,54,104
0
5,3,57,0
0
5,0,2,0
0
5,0,0,0
8640000
5,3,58,69
0
5,3,53,876
0
5,3,54,103
0
5,3,57,0
0
5,0,2,0
0
5,0,0,0
7817000
5,3,58,69
0
5,3,53,876
0
5,3,54,102
0
5,3,57,0
0
5,0,2,0
0
5,0,0,0
8645000
5,3,58,69
0
5,3,53,876
0
5,3,54,101
0
5,3,57,0
0
5,0,2,0
0
5,0,0,0
7833000
5,3,58,68
0
5,3,53,876
0
5,3,54,100
0
5,3,57,0
0
5,0,2,0
0
5,0,0,0
8635000
5,3,58,68
0
5,3,53,876
0
5,3,54,100
0
5,3,57,0
0
5,0,2,0
0
5,0,0,0
7846000
5,3,58,68
0
5,3,53,876
0
5,3,54,100
0
5,3,57,0
0
5,0,2,0
0
5,0,0,0
8709000
5,3,58,68
0
5,3,53,876
0
5,3,54,100
0
5,3,57,0
0
5,0,2,0
0
5,0,0,0
7848000
5,3,58,68
0
5,3,53,876
0
5,3,54,100
0
5,3,57,0
0
5,0,2,0
0
5,0,0,0
8708000
5,3,58,68
0
5,3,53,876
0
5,3,54,100
0
5,3,57,0
0
5,0,2,0
0
5,0,0,0
7817000
5,3,58,68
0
5,3,53,876
0
5,3,54,100
0
5,3,57,0
0
5,0,2,0
0
5,0,0,0
8641000
5,3,58,68
0
5,3,53,876
0
5,3,54,100
0
5,3,57,0
0
5,0,2,0
0
5,0,0,0
7737000
5,3,58,68
0
5,3,53,876
0
5,3,54,100
0
5,3,57,0
0
5,0,2,0
0
5,0,0,0
8681000
5,3,58,68
0
5,3,53,876
0
5,3,54,100
0
5,3,57,0
0
5,0,2,0
0
5,0,0,0
7836000
5,3,58,68
0
5,3,53,876
0
5,3,54,100
0
5,3,57,0
0
5,0,2,0
0
5,0,0,0
8682000
5,3,58,67
0
5,3,53,876
0
5,3,54,100
0
5,3,57,0
0
5,0,2,0
0
5,0,0,0
7762000
5,3,58,65
0
5,3,53,876
0
5,3,54,100
0
5,3,57,0
0
5,0,2,0
0
5,0,0,0
8627000
5,3,58,60
0
5,3,53,876
0
5,3,54,100
0
5,3,57,0
0
5,0,2,0
0
5,0,0,0
7779000
5,3,58,45
0
5,3,53,876
0
5,3,54,100
0
5,3,57,0
0
5,0,2,0
0
5,0,0,0
8675000
5,3,58,34
0
5,3,53,876
0
5,3,54,100
0
5,3,57,0
0
5,0,2,0
0
5,0,0,0
7261000
5,0,2,0
0
5,1,330,0
0
5,0,0,0
2206125000
5,3,58,44
0
5,3,53,701
0
5,3,54,1742
0
5,3,57,0
0
5,0,2,0
0
5,1,330,1
0
5,0,0,0
4108000
5,3,58,44
0
5,3,53,701
0
5,3,54,1742
0
5,3,57,0
0
5,0,2,0
0
5,0,0,0
7881000
5,3,58,45
0
5,3,53,701
0
5,3,54,1742
0
5,3,57,0
0
5,0,2,0
0
5,0,0,0
7256000
5,3,58,45
0
5,3,53,701
0
5,3,54,1742
0
5,3,57,0
0
5,0,2,0
0
5,0,0,0
8443000
5,3,58,48
0
5,3,53,700
0
5,3,54,1741
0
5,3,57,0
0
5,0,2,0
0
5,0,0,0
7761000
5,3,58,49
0
5,3,53,699
0
5,3,54,1740
0
5,3,57,0
0
5,0,2,0
0
5,0,0,0
8837000
5,3,58,49
0
5,3,53,699
0
5,3,54,1738
0
5,3,57,0
0
5,0,2,0
0
5,0,0,0
7871000
5,3,58,50
0
5,3,53,698
0
5,3,54,1736
0
5,3,57,0
0
5,0,2,0
0
5,0,0,0
8492000
5,3,58,50
0
5,3,53,697
0
5,3,54,1733
0
5,3,57,0
0
5,0,2,0
0
5,0,0,0
8127000
5,3,58,52
0
5,3,53,697
0
5,3,54,1730
0
5,3,57,0
0
5,0,2,0
0
5,0,0,0
8360000
5,3,58,52
0
5,3,53,697
0
5,3,54,1727
0
5,3,57,0
0
5,0,2,0
0
5,0,0,0
7752000
5,3,58,52
0
5,3,53,697
0
5,3,54,1723
0
5,3,57,0
0
5,0,2,0
0
5,0,0,0
9024000
5,3,58,52
0
5,3,53,697
0
5,3,54,1718
0
5,3,57,0
0
5,0,2,0
0
5,0,0,0
7571000
5,3,58,52
0
5,3,53,697
0
5,3,54,1713
0
5,3,57,0
0
5,0,2,0
0
5,0,0,0
8618000
5,3,58,52
0
5,3,53,697
0
5,3,54,1706
0
5,3,57,0
0
5,0,2,0
0
5,0,0,0
7896000
5,3,58,52
0
5,3,53,696
0
5,3,54,1698
0
5,3,57,0
0
5,0,2,0
0
5,0,0,0
8622000
5,3,58,51
0
5,3,53,695
0
5,3,54,1688
0
5,3,57,0
0
5,0,2,0
0
5,0,0,0
7805000
5,3,58,52
0
5,3,53,694
0
5,3,54,1677
0
5,3,57,0
0
5,0,2,0
0
5,0,0,0
8734000
5,3,58,54
0
5,3,53,693
0
5,3,54,1663
0
5,3,57,0
0
5,0,2,0
0
5,0,0,0
7768000
5,3,58,55
0
5,3,53,692
0
5,3,54,1649
0
5,3,57,0
0
5,0,2,0
0
5,0,0,0
8510000
5,3,58,52
0
5,3,53,691
0
5,3,54,1631
0
5,3,57,0
0
5,0,2,0
0
5,0,0,0
7847000
5,3,58,53
0
5,3,53,689
0
5,3,54,1612
0
5,3,57,0
0
5,0,2,0
0
5,0,0,0
8684000
5,3,58,54
0
5,3,53,687
0
5,3,54,1590
0
5,3,57,0
0
5,0,2,0
0
5,0,0,0
7819000
5,3,58,54
0
5,3,53,685
0
5,3,54,1562
0
5,3,57,0
0
5,0,2,0
0
5,0,0,0
8604000
5,3,58,54
0
5,3,53,683
0
5,3,54,1534
0
5,3,57,0
0
5,0,2,0
0
5,0,0,0
7887000
5,3,58,56
0
5,3,53,681
0
5,3,54,1499
0
5,3,57,0
0
5,0,2,0
0
5,0,0,0
8661000
5,3,58,56
0
5,3,53,679
0
5,3,54,1462
0
5,3,57,0
0
5,0,2,0
0
5,0,0,0
7796000
5,3,58,57
0
5,3,53,676
0
5,3,54,1417
0
5,3,57,0
0
5,0,2,0
0
5,0,0,0
8669000
5,3,58,58
0
5,3,53,673
0
5,3,54,1370
0
5,3,57,0
0
5,0,2,0
0
5,0,0,0
7858000
5,3,58,59
0
5,3,53,671
0
5,3,54,1322
0
5,3,57,0
0
5,0,2,0
0
5,0,0,0
8690000
5,3,58,59
0
5,3,53,669
0
5,3,54,1270
0
5,3,57,0
0
5,0,2,0
0
5,0,0,0
7883000
5,3,58,58
0
5,3,53,667
0
5,3,54,1219
0
5,3,57,0
0
5,0,2,0
0
5,0,0,0
8558000
5,3,58,60
0
5,3,53,666
0
5,3,54,1164
0
5,3,57,0
0
5,0,2,0
0
5,0,0,0
7858000
5,3,58,62
0
5,3,53,667
0
5,3,54,1113
0
5,3,57,0
0
5,0,2,0
0
5,0,0,0
8631000
5,3,58,61
0
5,3,53,667
0
5,3,54,1057
0
5,3,57,0
0
5,0,2,0
0
5,0,0,0
7914000
5,3,58,61
0
5,3,53,669
0
5,3,54,1003
0
5,3,57,0
0
5,0,2,0
0
5,0,0,0
8630000
5,3,58,59
0
5,3,53,673
0
5,3,54,945
0
5,3,57,0
0
5,0,2,0
0
5,0,0,0
7877000
5,3,58,64
0
5,3,53,677
0
5,3,54,890
0
5,3,57,0
0
5,0,2,0
0
5,0,0,0
8686000
5,3,58,63
0
5,3,53,683
0
5,3,54,828
0
5,3,57,0
0
5,0,2,0
0
5,0,0,0
7736000
5,3,58,61
0
5,3,53,690
0
5,3,54,774
0
5,3,57,0
0
5,0,2,0
0
5,0,0,0
8731000
5,3,58,62
0
5,3,53,698
0
5,3,54,719
0
5,3,57,0
0
5,0,2,0
0
5,0,0,0
7786000
5,3,58,64
0
5,3,53,705
0
5,3,54,673
0
5,3,57,0
0
5,0,2,0
0
5,0,0,0
8583000
5,3,58,66
0
5,3,53,713
0
5,3,54,629
0
5,3,57,0
0
5,0,2,0
0
5,0,0,0
7825000
5,3,58,64
0
5,3,53,720
0
5,3,54,586
0
5,3,57,0
0
5,0,2,0
0
5,0,0,0
8624000
5,3,58,64
0
5,3,53,728
0
5,3,54,543
0
5,3,57,0
0
5,0,2,0
0
5,0,0,0
7895000
5,3,58,65
0
5,3,53,735
0
5,3,54,505
0
5,3,57,0
0
5,0,2,0
0
5,0,0,0
8675000
5,3,58,66
0
5,3,53,742
0
5,3,54,467
0
5,3,57,0
0
5,0,2,0
0
5,0,0,0
7815000
5,3,58,68
0
5,3,53,749
0
5,3,54,431
0
5,3,57,0
0
5,0,2,0
0
5,0,0,0
8660000
5,3,58,65
0
5,3,53,756
0
5,3,54,395
0
5,3,57,0
0
5,0,2,0
0
5,0,0,0
7770000
5,3,58,68
0
5,3,53,762
0
5,3,54,366
0
5,3,57,0
0
5,0,2,0
0
5,0,0,0
8687000
5,3,58,71
0
5,3,53,767
0
5,3,54,334
0
5,3,57,0
0
5,0,2,0
0
5,0,0,0
7796000
5,3,58,68
0
5,3,53,770
0
5,3,54,308
0
5,3,57,0
0
5,0,2,0
0
5,0,0,0
8690000
5,3,58,73
0
5,3,53,773
0
5,3,54,284
0
5,3,57,0
0
5,0,2,0
0
5,0,0,0
7864000
5,3,58,73
0
5,3,53,774
0
5,3,54,262
0
5,3,57,0
0
5,0,2,0
0
5,0,0,0
8631000
5,3,58,70
0
5,3,53,776
0
5,3,54,242
0
5,3,57,0
0
5,0,2,0
0
5,0,0,0
7953000
5,3,58,72
0
5,3,53,777
0
5,3,54,227
0
5,3,57,0
0
5,0,2,0
0
5,0,0,0
8596000
5,3,58,75
0
5,3,53,778
0
5,3,54,213
0
5,3,57,0
0
5,0,2,0
0
5,0,0,0
7787000
5,3,58,76
0
5,3,53,778
0
5,3,54,201
0
5,3,57,0
0
5,0,2,0
0
5,0,0,0
8604000
5,3,58,74
0
5,3,53,778
0
5,3,54,191
0
5,3,57,0
0
5,0,2,0
0
5,0,0,0
7842000
5,3,58,75
0
5,3,53,778
0
5,3,54,182
0
5,3,57,0
0
5,0,2,0
0
5,0,0,0
8627000
5,3,58,75
0
5,3,53,778
0
5,3,54,175
0
5,3,57,0
0
5,0,2,0
0
5,0,0,0
7820000
5,3,58,75
0
5,3,53,777
0
5,3,54,170
0
5,3,57,0
0
5,0,2,0
0
5,0,0,0
8655000
5,3,58,73
0
5,3,53,776
0
5,3,54,166
0
5,3,57,0
0
5,0,2,0
0
5,0,0,0
7840000
5,3,58,75
0
5,3,53,775
0
5,3,54,163
0
5,3,57,0
0
5,0,2,0
0
5,0,0,0
8666000
5,3,58,73
0
5,3,53,774
0
5,3,54,160
0
5,3,57,0
0
5,0,2,0
0
5,0,0,0
7794000
5,3,58,75
0
5,3,53,773
0
5,3,54,158
0
5,3,57,0
0
5,0,2,0
0
5,0,0,0
8662000
5,3,58,75
0
5,3,53,772
0
5,3,54,156
0
5,3,57,0
0
5,0,2,0
0
5,0,0,0
7908000
5,3,58,76
0
5,3,53,771
0
5,3,54,155
0
5,3,57,0
0
5,0,2,0
0
5,0,0,0
8626000
5,3,58,76
0
5,3,53,770
0
5,3,54,154
0
5,3,57,0
0
5,0,2,0
0
5,0,0,0
7808000
5,3,58,77
0
5,3,53,769
0
5,3,54,153
0
5,3,57,0
0
5,0,2,0
0
5,0,0,0
8665000
5,3,58,76
0
5,3,53,768
0
5,3,54,152
0
5,3,57,0
0
5,0,2,0
0
5,0,0,0
7847000
5,3,58,76
0
5,3,53,767
0
5,3,54,151
0
5,3,57,0
0
5,0,2,0
0
5,0,0,0
8638000
5,3,58,76
0
5,3,53,766
0
5,3,54,150
0
5,3,57,0
0
5,0,2,0
0
5,0,0,0
7857000
5,3,58,76
0
5,3,53,765
0
5,3,54,149
0
5,3,57,0
0
5,0,2,0
0
5,0,0,0
8607000
5,3,58,76
0
5,3,53,765
0
5,3,54,148
0
5,3,57,0
0
5,0,2,0
0
5,0,0,0
7827000
5,3,58,76
0
5,3,53,764
0
5,3,54,147
0
5,3,57,0
0
5,0,2,0
0
5,0,0,0
8712000
5,3,58,76
0
5,3,53,764
0
5,3,54,146
0
5,3,57,0
0
5,0,2,0
0
5,0,0,0
7764000
5,3,58,76
0
5,3,53,764
0
5,3,54,145
0
5,3,57,0
0
5,0,2,0
0
5,0,0,0
8663000
5,3,58,76
0
5,3,53,764
0
5,3,54,145
0
5,3,57,0
0
5,0,2,0
0
5,0,0,0
7819000
5,3,58,76
0
5,3,53,764
0
5,3,54,145
0
5,3,57,0
0
5,0,2,0
0
5,0,0,0
8646000
5,3,58,76
0
5,3,53,764
0
5,3,54,145
0
5,3,57,0
0
5,0,2,0
0
5,0,0,0
7870000
5,3,58,76
0
5,3,53,764
0
5,3,54,144
0
5,3,57,0
0
5,0,2,0
0
5,0,0,0
8635000
5,3,58,76
0
5,3,53,764
0
5,3,54,144
0
5,3,57,0
0
5,0,2,0
0
5,0,0,0
7855000
5,3,58,76
0
5,3,53,764
0
5,3,54,143
0
5,3,57,0
0
5,0,2,0
0
5,0,0,0
8633000
5,3,58,76
0
5,3,53,764
0
5,3,54,143
0
5,3,57,0
0
5,0,2,0
0
5,0,0,0
7866000
5,3,58,76
0
5,3,53,764
0
5,3,54,143
0
5,3,57,0
0
5,0,2,0
0
5,0,0,0
8601000
5,3,58,74
0
5,3,53,764
0
5,3,54,143
0
5,3,57,0
0
5,0,2,0
0
5,0,0,0
7818000
5,3,58,72
0
5,3,53,764
0
5,3,54,142
0
5,3,57,0
0
5,0,2,0
0
5,0,0,0
8661000
5,3,58,70
0
5,3,53,764
0
5,3,54,142
0
5,3,57,0
0
5,0,2,0
0
5,0,0,0
7837000
5,3,58,68
0
5,3,53,764
0
5,3,54,142
0
5,3,57,0
0
5,0,2,0
0
5,0,0,0
8732000
5,3,58,65
0
5,3,53,764
0
5,3,54,142
0
5,3,57,0
0
5,0,2,0
0
5,0,0,0
7736000
5,3,58,60
0
5,3,53,764
0
5,3,54,142
0
5,3,57,0
0
5,0,2,0
0
5,0,0,0
8769000
5,3,58,52
0
5,3,53,764
0
5,3,54,145
0
5,3,57,0
0
5,0,2,0
0
5,0,0,0
7694000
5,3,58,39
0
5,3,53,763
0
5,3,54,149
0
5,3,57,0
0
5,0,2,0
0
5,0,0,0
8318000
5,0,2,0
0
5,1,330,0
0
5,0,0,0
1834725000
5,3,58,51
0
5,3,53,793
0
5,3,54,1794
0
5,3,57,0
0
5,0,2,0
0
5,1,330,1
0
5,0,0,0
3470000
5,3,58,51
0
5,3,53,793
0
5,3,54,1794
0
5,3,57,0
0
5,0,2,0
0
5,0,0,0
8140000
5,3,58,55
0
5,3,53,792
0
5,3,54,1793
0
5,3,57,0
0
5,0,2,0
0
5,0,0,0
8220000
5,3,58,55
0
5,3,53,791
0
5,3,54,1791
0
5,3,57,0
0
5,0,2,0
0
5,0,0,0
7908000
5,3,58,54
0
5,3,53,790
0
5,3,54,1789
0
5,3,57,0
0
5,0,2,0
0
5,0,0,0
7816000
5,3,58,54
0
5,3,53,788
0
5,3,54,1786
0
5,3,57,0
0
5,0,2,0
0
5,0,0,0
8664000
5,3,58,54
0
5,3,53,787
0
5,3,54,1782
0
5,3,57,0
0
5,0,2,0
0
5,0,0,0
7789000
5,3,58,55
0
5,3,53,786
0
5,3,54,1778
0
5,3,57,0
0
5,0,2,0
0
5,0,0,0
8684000
5,3,58,54
0
5,3,53,785
0
5,3,54,1773
0
5,3,57,0
0
5,0,2,0
0
5,0,0,0
8079000
5,3,58,54
0
5,3,53,784
0
5,3,54,1768
0
5,3,57,0
0
5,0,2,0
0
5,0,0,0
8451000
5,3,58,55
0
5,3,53,784
0
5,3,54,1763
0
5,3,57,0
0
5,0,2,0
0
5,0,0,0
7882000
5,3,58,55
0
5,3,53,783
0
5,3,54,1757
0
5,3,57,0
0
5,0,2,0
0
5,0,0,0
8580000
5,3,58,56
0
5,3,53,783
0
5,3,54,1750
0
5,3,57,0
0
5,0,2,0
0
5,0,0,0
7884000
5,3,58,56
0
5,3,53,783
0
5,3,54,1743
0
5,3,57,0
0
5,0,2,0
0
5,0,0,0
8602000
5,3,58,56
0
5,3,53,783
0
5,3,54,1736
0
5,3,57,0
0
5,0,2,0
0
5,0,0,0
7745000
5,3,58,53
0
5,3,53,783
0
5,3,54,1728
0
5,3,57,0
0
5,0,2,0
0
5,0,0,0
8632000
5,3,58,53
0
5,3,53,783
0
5,3,54,1719
0
5,3,57,0
0
5,0,2,0
0
5,0,0,0
7848000
5,3,58,53
0
5,3,53,783
0
5,3,54,1710
0
5,3,57,0
0
5,0,2,0
0
5,0,0,0
8647000
5,3,58,53
0
5,3,53,784
0
5,3,54,1698
0
5,3,57,0
0
5,0,2,0
0
5,0,0,0
7852000
5,3,58,55
0
5,3,53,784
0
5,3,54,1683
0
5,3,57,0
0
5,0,2,0
0
5,0,0,0
8617000
5,3,58,53
0
5,3,53,785
0
5,3,54,1665
0
5,3,57,0
0
5,0,2,0
0
5,0,0,0
7866000
5,3,58,53
0
5,3,53,786
0
5,3,54,1647
0
5,3,57,0
0
5,0,2,0
0
5,0,0,0
8633000
5,3,58,55
0
5,3,53,788
0
5,3,54,1622
0
5,3,57,0
0
5,0,2,0
0
5,0,0,0
7873000
5,3,58,53
0
5,3,53,789
0
5,3,54,1597
0
5,3,57,0
0
5,0,2,0
0
5,0,0,0
8603000
5,3,58,53
0
5,3,53,791
0
5,3,54,1569
0
5,3,57,0
0
5,0,2,0
0
5,0,0,0
7850000
5,3,58,56
0
5,3,53,792
0
5,3,54,1537
0
5,3,57,0
0
5,0,2,0
0
5,0,0,0
8668000
5,3,58,54
0
5,3,53,793
0
5,3,54,1501
0
5,3,57,0
0
5,0,2,0
0
5,0,0,0
7929000
5,3,58,56
0
5,3,53,794
0
5,3,54,1461
0
5,3,57,0
0
5,0,2,0
0
5,0,0,0
8653000
5,3,58,57
0
5,3,53,795
0
5,3,54,1414
0
5,3,57,0
0
5,0,2,0
0
5,0,0,0
7831000
5,3,58,56
0
5,3,53,796
0
5,3,54,1373
0
5,3,57,0
0
5,0,2,0
0
5,0,0,0
8675000
5,3,58,57
0
5,3,53,796
0
5,3,54,1325
0
5,3,57,0
0
5,0,2,0
0
5,0,0,0
7800000
5,3,58,58
0
5,3,53,796
0
5,3,54,1277
0
5,3,57,0
0
5,0,2,0
0
5,0,0,0
8656000
5,3,58,56
0
5,3,53,796
0
5,3,54,1228
0
5,3,57,0
0
5,0,2,0
0
5,0,0,0
7820000
5,3,58,59
0
5,3,53,795
0
5,3,54,1180
0
5,3,57,0
0
5,0,2,0
0
5,0,0,0
8722000
5,3,58,60
0
5,3,53,795
0
5,3,54,1125
0
5,3,57,0
0
5,0,2,0
0
5,0,0,0
7777000
5,3,58,60
0
5,3,53,794
0
5,3,54,1077
0
5,3,57,0
0
5,0,2,0
0
5,0,0,0
8668000
5,3,58,59
0
5,3,53,795
0
5,3,54,1028
0
5,3,57,0
0
5,0,2,0
0
5,0,0,0
7781000
5,3,58,60
0
5,3,53,796
0
5,3,54,984
0
5,3,57,0
0
5,0,2,0
0
5,0,0,0
8704000
5,3,58,62
0
5,3,53,797
0
5,3,54,930
0
5,3,57,0
0
5,0,2,0
0
5,0,0,0
7790000
5,3,58,64
0
5,3,53,799
0
5,3,54,885
0
5,3,57,0
0
5,0,2,0
0
5,0,0,0
8737000
5,3,58,66
0
5,3,53,801
0
5,3,54,838
0
5,3,57,0
0
5,0,2,0
0
5,0,0,0
7736000
5,3,58,63
0
5,3,53,805
0
5,3,54,793
0
5,3,57,0
0
5,0,2,0
0
5,0,0,0
8696000
5,3,58,63
0
5,3,53,809
0
5,3,54,746
0
5,3,57,0
0
5,0,2,0
0
5,0,0,0
7820000
5,3,58,67
0
5,3,53,813
0
5,3,54,705
0
5,3,57,0
0
5,0,2,0
0
5,0,0,0
8590000
5,3,58,64
0
5,3,53,818
0
5,3,54,661
0
5,3,57,0
0
5,0,2,0
0
5,0,0,0
7885000
5,3,58,68
0
5,3,53,821
0
5,3,54,624
0
5,3,57,0
0
5,0,2,0
0
5,0,0,0
8523000
5,3,58,65
0
5,3,53,826
0
5,3,54,582
0
5,3,57,0
0
5,0,2,0
0
5,0,0,0
7893000
5,3,58,69
0
5,3,53,831
0
5,3,54,545
0
5,3,57,0
0
5,0,2,0
0
5,0,0,0
8680000
5,3,58,68
0
5,3,53,836
0
5,3,54,508
0
5,3,57,0
0
5,0,2,0
0
5,0,0,0
7829000
5,3,58,71
0
5,3,53,840
0
5,3,54,474
0
5,3,57,0
0
5,0,2,0
0
5,0,0,0
8605000
5,3,58,68
0
5,3,53,845
0
5,3,54,444
0
5,3,57,0
0
5,0,2,0
0
5,0,0,0
7870000
5,3,58,72
0
5,3,53,849
0
5,3,54,418
0
5,3,57,0
0
5,0,2,0
0
5,0,0,0
8633000
5,3,58,70
0
5,3,53,853
0
5,3,54,392
0
5,3,57,0
0
5,0,2,0
0
5,0,0,0
7807000
5,3,58,70
0
5,3,53,856
0
5,3,54,370
0
5,3,57,0
0
5,0,2,0
0
5,0,0,0
8674000
5,3,58,71
0
5,3,53,860
0
5,3,54,349
0
5,3,57,0
0
5,0,2,0
0
5,0,0,0
7850000
5,3,58,70
0
5,3,53,863
0
5,3,54,329
0
5,3,57,0
0
5,0,2,0
0
5,0,0,0
8607000
5,3,58,69
0
5,3,53,865
0
5,3,54,311
0
5,3,57,0
0
5,0,2,0
0
5,0,0,0
7830000
5,3,58,70
0
5,3,53,867
0
5,3,54,296
0
5,3,57,0
0
5,0,2,0
0
5,0,0,0
8680000
5,3,58,72
0
5,3,53,869
0
5,3,54,281
0
5,3,57,0
0
5,0,2,0
0
5,0,0,0
7770000
5,3,58,70
0
5,3,53,871
0
5,3,54,267
0
5,3,57,0
0
5,0,2,0
0
5,0,0,0
8646000
5,3,58,70
0
5,3,53,872
0
5,3,54,253
0
5,3,57,0
0
5,0,2,0
0
5,0,0,0
7827000
5,3,58,69
0
5,3,53,873
0
5,3,54,242
0
5,3,57,0
0
5,0,2,0
0
5,0,0,0
8636000
5,3,58,69
0
5,3,53,874
0
5,3,54,231
0
5,3,57,0
0
5,0,2,0
0
5,0,0,0
7886000
5,3,58,71
0
5,3,53,875
0
5,3,54,222
0
5,3,57,0
0
5,0,2,0
0
5,0,0,0
8707000
5,3,58,73
0
5,3,53,876
0
5,3,54,213
0
5,3,57,0
0
5,0,2,0
0
5,0,0,0
7788000
5,3,58,73
0
5,3,53,877
0
5,3,54,205
0
5,3,57,0
0
5,0,2,0
0
5,0,0,0
8662000
5,3,58,73
0
5,3,53,877
0
5,3,54,198
0
5,3,57,0
0
5,0,2,0
0
5,0,0,0
7837000
5,3,58,73
0
5,3,53,877
0
5,3,54,191
0
5,3,57,0
0
5,0,2,0
0
5,0,0,0
8595000
5,3,58,71
0
5,3,53,877
0
5,3,54,186
0
5,3,57,0
0
5,0,2,0
0
5,0,0,0
7890000
5,3,58,73
0
5,3,53,877
0
5,3,54,182
0
5,3,57,0
0
5,0,2,0
0
5,0,0,0
8643000
5,3,58,73
0
5,3,53,877
0
5,3,54,178
0
5,3,57,0
0
5,0,2,0
0
5,0,0,0
7875000
5,3,58,73
0
5,3,53,877
0
5,3,54,175
0
5,3,57,0
0
5,0,2,0
0
5,0,0,0
8652000
5,3,58,73
0
5,3,53,877
0
5,3,54,172
0
5,3,57,0
0
5,0,2,0
0
5,0,0,0
7921000
5,3,58,73
0
5,3,53,877
0
5,3,54,170
0
5,3,57,0
0
5,0,2,0
0
5,0,0,0
8636000
5,3,58,73
0
5,3,53,877
0
5,3,54,168
0
5,3,57,0
0
5,0,2,0
0
5,0,0,0
7814000
5,3,58,73
0
5,3,53,877
0
5,3,54,166
0
5,3,57,0
0
5,0,2,0
0
5,0,0,0
8677000
5,3,58,73
0
5,3,53,877
0
5,3,54,165
0
5,3,57,0
0
5,0,2,0
0
5,0,0,0
7779000
5,3,58,73
0
5,3,53,877
0
5,3,54,164
0
5,3,57,0
0
5,0,2,0
0
5,0,0,0
8648000
5,3,58,73
0
5,3,53,877
0
5,3,54,163
0
5,3,57,0
0
5,0,2,0
0
5,0,0,0
7833000
5,3,58,73
0
5,3,53,877
0
5,3,54,162
0
5,3,57,0
0
5,0,2,0
0
5,0,0,0
8644000
5,3,58,73
0
5,3,53,877
0
5,3,54,161
0
5,3,57,0
0
5,0,2,0
0
5,0,0,0
7858000
5,3,58,74
0
5,3,53,877
0
5,3,54,160
0
5,3,57,0
0
5,0,2,0
0
5,0,0,0
8691000
5,3,58,73
0
5,3,53,877
0
5,3,54,159
0
5,3,57,0
0
5,0,2,0
0
5,0,0,0
7833000
5,3,58,73
0
5,3,53,877
0
5,3,54,158
0
5,3,57,0
0
5,0,2,0
0
5,0,0,0
8588000
5,3,58,73
0
5,3,53,877
0
5,3,54,157
0
5,3,57,0
0
5,0,2,0
0
5,0,0,0
7833000
5,3,58,74
0
5,3,53,877
0
5,3,54,156
0
5,3,57,0
0
5,0,2,0
0
5,0,0,0
8712000
5,3,58,74
0
5,3,53,877
0
5,3,54,155
0
5,3,57,0
0
5,0,2,0
0
5,0,0,0
7786000
5,3,58,74
0
5,3,53,877
0
5,3,54,154
0
5,3,57,0
0
5,0,2,0
0
5,0,0,0
8670000
5,3,58,73
0
5,3,53,877
0
5,3,54,153
0
5,3,57,0
0
5,0,2,0
0
5,0,0,0
7814000
5,3,58,74
0
5,3,53,877
0
5,3,54,153
0
5,3,57,0
0
5,0,2,0
0
5,0,0,0
8611000
5,3,58,74
0
5,3,53,877
0
5,3,54,153
0
5,3,57,0
0
5,0,2,0
0
5,0,0,0
7810000
5,3,58,73
0
5,3,53,877
0
5,3,54,153
0
5,3,57,0
0
5,0,2,0
0
5,0,0,0
8669000
5,3,58,73
0
5,3,53,877
0
5,3,54,153
0
5,3,57,0
0
5,0,2,0
0
5,0,0,0
7789000
5,3,58,73
0
5,3,53,877
0
5,3,54,153
0
5,3,57,0
0
5,0,2,0
0
5,0,0,0
8701000
5,3,58,73
0
5,3,53,877
0
5,3,54,153
0
5,3,57,0
0
5,0,2,0
0
5,0,0,0
7766000
5,3,58,74
0
5,3,53,877
0
5,3,54,153
0
5,3,57,0
0
5,0,2,0
0
5,0,0,0
8662000
5,3,58,73
0
5,3,53,877
0
5,3,54,153
0
5,3,57,0
0
5,0,2,0
0
5,0,0,0
7821000
5,3,58,73
0
5,3,53,877
0
5,3,54,153
0
5,3,57,0
0
5,0,2,0
0
5,0,0,0
8656000
5,3,58,72
0
5,3,53,877
0
5,3,54,153
0
5,3,57,0
0
5,0,2,0
0
5,0,0,0
7824000
5,3,58,71
0
5,3,53,877
0
5,3,54,153
0
5,3,57,0
0
5,0,2,0
0
5,0,0,0
8629000
5,3,58,67
0
5,3,53,877
0
5,3,54,153
0
5,3,57,0
0
5,0,2,0
0
5,0,0,0
7848000
5,3,58,65
0
5,3,53,877
0
5,3,54,153
0
5,3,57,0
0
5,0,2,0
0
5,0,0,0
8640000
5,3,58,60
0
5,3,53,877
0
5,3,54,153
0
5,3,57,0
0
5,0,2,0
0
5,0,0,0
9260000
5,3,58,47
0
5,3,53,877
0
5,3,54,153
0
5,3,57,0
0
5,0,2,0
0
5,0,0,0
7267000
5,3,58,39
0
5,3,53,877
0
5,3,54,153
0
5,3,57,0
0
5,0,2,0
0
5,0,0,0
7541000
5,0,2,0
0
5,1,330,0
0
5,0,0,0
