7128
0
5,3,58,46
0
5,3,53,970
0
5,3,54,1761
0
5,3,57,0
0
5,0,2,0
0
5,1,330,1
0
5,0,0,0
5568000
5,3,58,46
0
5,3,53,970
0
5,3,54,1761
0
5,3,57,0
0
5,0,2,0
0
5,0,0,0
7705000
5,3,58,46
0
5,3,53,970
0
5,3,54,1761
0
5,3,57,0
0
5,0,2,0
0
5,0,0,0
8154000
5,3,58,48
0
5,3,53,970
0
5,3,54,1761
0
5,3,57,0
0
5,0,2,0
0
5,0,0,0
7610000
5,3,58,48
0
5,3,53,970
0
5,3,54,1761
0
5,3,57,0
0
5,0,2,0
0
5,0,0,0
8675000
5,3,58,49
0
5,3,53,970
0
5,3,54,1761
0
5,3,57,0
0
5,0,2,0
0
5,0,0,0
7781000
5,3,58,49
0
5,3,53,970
0
5,3,54,1761
0
5,3,57,0
0
5,0,2,0
0
5,0,0,0
8736000
5,3,58,50
0
5,3,53,970
0
5,3,54,1761
0
5,3,57,0
0
5,0,2,0
0
5,0,0,0
7750000
5,3,58,50
0
5,3,53,970
0
5,3,54,1761
0
5,3,57,0
0
5,0,2,0
0
5,0,0,0
8770000
5,3,58,53
0
5,3,53,969
0
5,3,54,1760
0
5,3,57,0
0
5,0,2,0
0
5,0,0,0
7765000
5,3,58,54
0
5,3,53,968
0
5,3,54,1759
0
5,3,57,0
0
5,0,2,0
0
5,0,0,0
8679000
5,3,58,54
0
5,3,53,967
0
5,3,54,1757
0
5,3,57,0
0
5,0,2,0
0
5,0,0,0
7759000
5,3,58,51
0
5,3,53,966
0
5,3,54,1754
0
5,3,57,0
0
5,0,2,0
0
5,0,0,0
8749000
5,3,58,51
0
5,3,53,965
0
5,3,54,1751
0
5,3,57,0
0
5,0,2,0
0
5,0,0,0
7714000
5,3,58,51
0
5,3,53,965
0
5,3,54,1748
0
5,3,57,0
0
5,0,2,0
0
5,0,0,0
8729000
5,3,58,52
0
5,3,53,965
0
5,3,54,1745
0
5,3,57,0
0
5,0,2,0
0
5,0,0,0
7784000
5,3,58,52
0
5,3,53,965
0
5,3,54,1742
0
5,3,57,0
0
5,0,2,0
0
5,0,0,0
8652000
5,3,58,53
0
5,3,53,965
0
5,3,54,1738
0
5,3,57,0
0
5,0,2,0
0
5,0,0,0
7850000
5,3,58,53
0
5,3,53,965
0
5,3,54,1734
0
5,3,57,0
0
5,0,2,0
0
5,0,0,0
8775000
5,3,58,53
0
5,3,53,965
0
5,3,54,1730
0
5,3,57,0
0
5,0,2,0
0
5,0,0,0
7712000
5,3,58,53
0
5,3,53,965
0
5,3,54,1726
0
5,3,57,0
0
5,0,2,0
0
5,0,0,0
8716000
5,3,58,53
0
5,3,53,965
0
5,3,54,1722
0
5,3,57,0
0
5,0,2,0
0
5,0,0,0
7781000
5,3,58,53
0
5,3,53,965
0
5,3,54,1718
0
5,3,57,0
0
5,0,2,0
0
5,0,0,0
8759000
5,3,58,52
0
5,3,53,965
0
5,3,54,1714
0
5,3,57,0
0
5,0,2,0
0
5,0,0,0
7747000
5,3,58,56
0
5,3,53,965
0
5,3,54,1708
0
5,3,57,0
0
5,0,2,0
0
5,0,0,0
8745000
5,3,58,56
0
5,3,53,965
0
5,3,54,1703
0
5,3,57,0
0
5,0,2,0
0
5,0,0,0
7764000
5,3,58,56
0
5,3,53,965
0
5,3,54,1698
0
5,3,57,0
0
5,0,2,0
0
5,0,0,0
8543000
5,3,58,53
0
5,3,53,965
0
5,3,54,1692
0
5,3,57,0
0
5,0,2,0
0
5,0,0,0
7823000
5,3,58,53
0
5,3,53,965
0
5,3,54,1687
0
5,3,57,0
0
5,0,2,0
0
5,0,0,0
8609000
5,3,58,54
0
5,3,53,965
0
5,3,54,1682
0
5,3,57,0
0
5,0,2,0
0
5,0,0,0
7831000
5,3,58,54
0
5,3,53,965
0
5,3,54,1677
0
5,3,57,0
0
5,0,2,0
0
5,0,0,0
8642000
5,3,58,54
0
5,3,53,965
0
5,3,54,1672
0
5,3,57,0
0
5,0,2,0
0
5,0,0,0
7876000
5,3,58,54
0
5,3,53,965
0
5,3,54,1668
0
5,3,57,0
0
5,0,2,0
0
5,0,0,0
8613000
5,3,58,55
0
5,3,53,965
0
5,3,54,1664
0
5,3,57,0
0
5,0,2,0
0
5,0,0,0
7882000
5,3,58,55
0
5,3,53,965
0
5,3,54,1660
0
5,3,57,0
0
5,0,2,0
0
5,0,0,0
8600000
5,3,58,55
0
5,3,53,965
0
5,3,54,1656
0
5,3,57,0
0
5,0,2,0
0
5,0,0,0
7870000
5,3,58,55
0
5,3,53,965
0
5,3,54,1652
0
5,3,57,0
0
5,0,2,0
0
5,0,0,0
8685000
5,3,58,55
0
5,3,53,965
0
5,3,54,1649
0
5,3,57,0
0
5,0,2,0
0
5,0,0,0
7897000
5,3,58,56
0
5,3,53,965
0
5,3,54,1645
0
5,3,57,0
0
5,0,2,0
0
5,0,0,0
8719000
5,3,58,56
0
5,3,53,965
0
5,3,54,1642
0
5,3,57,0
0
5,0,2,0
0
5,0,0,0
7793000
5,3,58,58
0
5,3,53,965
0
5,3,54,1638
0
5,3,57,0
0
5,0,2,0
0
5,0,0,0
8670000
5,3,58,58
0
5,3,53,965
0
5,3,54,1634
0
5,3,57,0
0
5,0,2,0
0
5,0,0,0
7814000
5,3,58,58
0
5,3,53,965
0
5,3,54,1631
0
5,3,57,0
0
5,0,2,0
0
5,0,0,0
8675000
5,3,58,58
0
5,3,53,965
0
5,3,54,1627
0
5,3,57,0
0
5,0,2,0
0
5,0,0,0
7814000
5,3,58,58
0
5,3,53,965
0
5,3,54,1624
0
5,3,57,0
0
5,0,2,0
0
5,0,0,0
8626000
5,3,58,58
0
5,3,53,965
0
5,3,54,1621
0
5,3,57,0
0
5,0,2,0
0
5,0,0,0
7846000
5,3,58,59
0
5,3,53,965
0
5,3,54,1618
0
5,3,57,0
0
5,0,2,0
0
5,0,0,0
8652000
5,3,58,59
0
5,3,53,965
0
5,3,54,1615
0
5,3,57,0
0
5,0,2,0
0
5,0,0,0
7767000
5,3,58,56
0
5,3,53,965
0
5,3,54,1612
0
5,3,57,0
0
5,0,2,0
0
5,0,0,0
8665000
5,3,58,56
0
5,3,53,965
0
5,3,54,1609
0
5,3,57,0
0
5,0,2,0
0
5,0,0,0
7832000
5,3,58,56
0
5,3,53,965
0
5,3,54,1606
0
5,3,57,0
0
5,0,2,0
0
5,0,0,0
8681000
5,3,58,56
0
5,3,53,965
0
5,3,54,1603
0
5,3,57,0
0
5,0,2,0
0
5,0,0,0
7798000
5,3,58,56
0
5,3,53,965
0
5,3,54,1601
0
5,3,57,0
0
5,0,2,0
0
5,0,0,0
8683000
5,3,58,57
0
5,3,53,965
0
5,3,54,1598
0
5,3,57,0
0
5,0,2,0
0
5,0,0,0
7794000
5,3,58,56
0
5,3,53,964
0
5,3,54,1596
0
5,3,57,0
0
5,0,2,0
0
5,0,0,0
8704000
5,3,58,57
0
5,3,53,964
0
5,3,54,1594
0
5,3,57,0
0
5,0,2,0
0
5,0,0,0
7815000
5,3,58,57
0
5,3,53,964
0
5,3,54,1592
0
5,3,57,0
0
5,0,2,0
0
5,0,0,0
8660000
5,3,58,57
0
5,3,53,964
0
5,3,54,1589
0
5,3,57,0
0
5,0,2,0
0
5,0,0,0
7844000
5,3,58,57
0
5,3,53,964
0
5,3,54,1587
0
5,3,57,0
0
5,0,2,0
0
5,0,0,0
8646000
5,3,58,56
0
5,3,53,964
0
5,3,54,1584
0
5,3,57,0
0
5,0,2,0
0
5,0,0,0
7883000
5,3,58,57
0
5,3,53,964
0
5,3,54,1581
0
5,3,57,0
0
5,0,2,0
0
5,0,0,0
8627000
5,3,58,58
0
5,3,53,964
0
5,3,54,1578
0
5,3,57,0
0
5,0,2,0
0
5,0,0,0
7809000
5,3,58,60
0
5,3,53,964
0
5,3,54,1575
0
5,3,57,0
0
5,0,2,0
0
5,0,0,0
8749000
5,3,58,62
0
5,3,53,964
0
5,3,54,1572
0
5,3,57,0
0
5,0,2,0
0
5,0,0,0
7748000
5,3,58,62
0
5,3,53,964
0
5,3,54,1568
0
5,3,57,0
0
5,0,2,0
0
5,0,0,0
8685000
5,3,58,62
0
5,3,53,964
0
5,3,54,1564
0
5,3,57,0
0
5,0,2,0
0
5,0,0,0
7823000
5,3,58,62
0
5,3,53,964
0
5,3,54,1560
0
5,3,57,0
0
5,0,2,0
0
5,0,0,0
8743000
5,3,58,62
0
5,3,53,964
0
5,3,54,1556
0
5,3,57,0
0
5,0,2,0
0
5,0,0,0
7767000
5,3,58,62
0
5,3,53,964
0
5,3,54,1552
0
5,3,57,0
0
5,0,2,0
0
5,0,0,0
8633000
5,3,58,58
0
5,3,53,964
0
5,3,54,1548
0
5,3,57,0
0
5,0,2,0
0
5,0,0,0
7746000
5,3,58,57
0
5,3,53,964
0
5,3,54,1544
0
5,3,57,0
0
5,0,2,0
0
5,0,0,0
8578000
5,3,58,57
0
5,3,53,964
0
5,3,54,1540
0
5,3,57,0
0
5,0,2,0
0
5,0,0,0
7795000
5,3,58,57
0
5,3,53,964
0
5,3,54,1536
0
5,3,57,0
0
5,0,2,0
0
5,0,0,0
8642000
5,3,58,57
0
5,3,53,964
0
5,3,54,1532
0
5,3,57,0
0
5,0,2,0
0
5,0,0,0
7869000
5,3,58,58
0
5,3,53,964
0
5,3,54,1528
0
5,3,57,0
0
5,0,2,0
0
5,0,0,0
8685000
5,3,58,58
0
5,3,53,964
0
5,3,54,1525
0
5,3,57,0
0
5,0,2,0
0
5,0,0,0
7805000
5,3,58,58
0
5,3,53,964
0
5,3,54,1522
0
5,3,57,0
0
5,0,2,0
0
5,0,0,0
8705000
5,3,58,58
0
5,3,53,964
0
5,3,54,1519
0
5,3,57,0
0
5,0,2,0
0
5,0,0,0
7823000
5,3,58,59
0
5,3,53,964
0
5,3,54,1515
0
5,3,57,0
0
5,0,2,0
0
5,0,0,0
8628000
5,3,58,61
0
5,3,53,965
0
5,3,54,1512
0
5,3,57,0
0
5,0,2,0
0
5,0,0,0
7820000
5,3,58,61
0
5,3,53,966
0
5,3,54,1509
0
5,3,57,0
0
5,0,2,0
0
5,0,0,0
8673000
5,3,58,63
0
5,3,53,966
0
5,3,54,1505
0
5,3,57,0
0
5,0,2,0
0
5,0,0,0
7843000
5,3,58,63
0
5,3,53,966
0
5,3,54,1501
0
5,3,57,0
0
5,0,2,0
0
5,0,0,0
8657000
5,3,58,63
0
5,3,53,966
0
5,3,54,1497
0
5,3,57,0
0
5,0,2,0
0
5,0,0,0
7822000
5,3,58,63
0
5,3,53,966
0
5,3,54,1494
0
5,3,57,0
0
5,0,2,0
0
5,0,0,0
8638000
5,3,58,63
0
5,3,53,966
0
5,3,54,1490
0
5,3,57,0
0
5,0,2,0
0
5,0,0,0
7878000
5,3,58,63
0
5,3,53,966
0
5,3,54,1487
0
5,3,57,0
0
5,0,2,0
0
5,0,0,0
8633000
5,3,58,63
0
5,3,53,966
0
5,3,54,1483
0
5,3,57,0
0
5,0,2,0
0
5,0,0,0
7815000
5,3,58,63
0
5,3,53,967
0
5,3,54,1480
0
5,3,57,0
0
5,0,2,0
0
5,0,0,0
8645000
5,3,58,63
0
5,3,53,968
0
5,3,54,1477
0
5,3,57,0
0
5,0,2,0
0
5,0,0,0
7866000
5,3,58,62
0
5,3,53,969
0
5,3,54,1473
0
5,3,57,0
0
5,0,2,0
0
5,0,0,0
8591000
5,3,58,62
0
5,3,53,970
0
5,3,54,1470
0
5,3,57,0
0
5,0,2,0
0
5,0,0,0
7855000
5,3,58,62
0
5,3,53,971
0
5,3,54,1467
0
5,3,57,0
0
5,0,2,0
0
5,0,0,0
8667000
5,3,58,62
0
5,3,53,972
0
5,3,54,1463
0
5,3,57,0
0
5,0,2,0
0
5,0,0,0
7838000
5,3,58,62
0
5,3,53,973
0
5,3,54,1460
0
5,3,57,0
0
5,0,2,0
0
5,0,0,0
8693000
5,3,58,62
0
5,3,53,974
0
5,3,54,1456
0
5,3,57,0
0
5,0,2,0
0
5,0,0,0
7901000
5,3,58,62
0
5,3,53,974
0
5,3,54,1453
0
5,3,57,0
0
5,0,2,0
0
5,0,0,0
8607000
5,3,58,61
0
5,3,53,974
0
5,3,54,1449
0
5,3,57,0
0
5,0,2,0
0
5,0,0,0
7830000
5,3,58,62
0
5,3,53,974
0
5,3,54,1446
0
5,3,57,0
0
5,0,2,0
0
5,0,0,0
8704000
5,3,58,62
0
5,3,53,974
0
5,3,54,1443
0
5,3,57,0
0
5,0,2,0
0
5,0,0,0
7807000
5,3,58,62
0
5,3,53,975
0
5,3,54,1440
0
5,3,57,0
0
5,0,2,0
0
5,0,0,0
8608000
5,3,58,62
0
5,3,53,975
0
5,3,54,1437
0
5,3,57,0
0
5,0,2,0
0
5,0,0,0
7886000
5,3,58,64
0
5,3,53,975
0
5,3,54,1434
0
5,3,57,0
0
5,0,2,0
0
5,0,0,0
8612000
5,3,58,64
0
5,3,53,975
0
5,3,54,1431
0
5,3,57,0
0
5,0,2,0
0
5,0,0,0
7856000
5,3,58,64
0
5,3,53,976
0
5,3,54,1428
0
5,3,57,0
0
5,0,2,0
0
5,0,0,0
8711000
5,3,58,64
0
5,3,53,977
0
5,3,54,1425
0
5,3,57,0
0
5,0,2,0
0
5,0,0,0
7837000
5,3,58,64
0
5,3,53,977
0
5,3,54,1422
0
5,3,57,0
0
5,0,2,0
0
5,0,0,0
8646000
5,3,58,64
0
5,3,53,978
0
5,3,54,1419
0
5,3,57,0
0
5,0,2,0
0
5,0,0,0
7738000
5,3,58,64
0
5,3,53,978
0
5,3,54,1416
0
5,3,57,0
0
5,0,2,0
0
5,0,0,0
8720000
5,3,58,66
0
5,3,53,979
0
5,3,54,1412
0
5,3,57,0
0
5,0,2,0
0
5,0,0,0
7725000
5,3,58,64
0
5,3,53,980
0
5,3,54,1408
0
5,3,57,0
0
5,0,2,0
0
5,0,0,0
8662000
5,3,58,64
0
5,3,53,981
0
5,3,54,1405
0
5,3,57,0
0
5,0,2,0
0
5,0,0,0
7879000
5,3,58,65
0
5,3,53,982
0
5,3,54,1401
0
5,3,57,0
0
5,0,2,0
0
5,0,0,0
8562000
5,3,58,63
0
5,3,53,982
0
5,3,54,1398
0
5,3,57,0
0
5,0,2,0
0
5,0,0,0
7856000
5,3,58,63
0
5,3,53,982
0
5,3,54,1395
0
5,3,57,0
0
5,0,2,0
0
5,0,0,0
8635000
5,3,58,63
0
5,3,53,983
0
5,3,54,1392
0
5,3,57,0
0
5,0,2,0
0
5,0,0,0
7854000
5,3,58,63
0
5,3,53,984
0
5,3,54,1389
0
5,3,57,0
0
5,0,2,0
0
5,0,0,0
8620000
5,3,58,63
0
5,3,53,984
0
5,3,54,1386
0
5,3,57,0
0
5,0,2,0
0
5,0,0,0
7846000
5,3,58,63
0
5,3,53,984
0
5,3,54,1383
0
5,3,57,0
0
5,0,2,0
0
5,0,0,0
8668000
5,3,58,63
0
5,3,53,984
0
5,3,54,1380
0
5,3,57,0
0
5,0,2,0
0
5,0,0,0
7894000
5,3,58,65
0
5,3,53,985
0
5,3,54,1377
0
5,3,57,0
0
5,0,2,0
0
5,0,0,0
8617000
5,3,58,65
0
5,3,53,985
0
5,3,54,1373
0
5,3,57,0
0
5,0,2,0
0
5,0,0,0
7945000
5,3,58,65
0
5,3,53,985
0
5,3,54,1369
0
5,3,57,0
0
5,0,2,0
0
5,0,0,0
8556000
5,3,58,63
0
5,3,53,985
0
5,3,54,1365
0
5,3,57,0
0
5,0,2,0
0
5,0,0,0
7904000
5,3,58,64
0
5,3,53,985
0
5,3,54,1361
0
5,3,57,0
0
5,0,2,0
0
5,0,0,0
8603000
5,3,58,64
0
5,3,53,985
0
5,3,54,1357
0
5,3,57,0
0
5,0,2,0
0
5,0,0,0
7922000
5,3,58,66
0
5,3,53,985
0
5,3,54,1354
0
5,3,57,0
0
5,0,2,0
0
5,0,0,0
8578000
5,3,58,66
0
5,3,53,986
0
5,3,54,1351
0
5,3,57,0
0
5,0,2,0
0
5,0,0,0
7880000
5,3,58,66
0
5,3,53,987
0
5,3,54,1348
0
5,3,57,0
0
5,0,2,0
0
5,0,0,0
8653000
5,3,58,65
0
5,3,53,988
0
5,3,54,1345
0
5,3,57,0
0
5,0,2,0
0
5,0,0,0
7821000
5,3,58,65
0
5,3,53,989
0
5,3,54,1342
0
5,3,57,0
0
5,0,2,0
0
5,0,0,0
8607000
5,3,58,65
0
5,3,53,990
0
5,3,54,1339
0
5,3,57,0
0
5,0,2,0
0
5,0,0,0
7861000
5,3,58,65
0
5,3,53,991
0
5,3,54,1336
0
5,3,57,0
0
5,0,2,0
0
5,0,0,0
8653000
5,3,58,65
0
5,3,53,992
0
5,3,54,1332
0
5,3,57,0
0
5,0,2,0
0
5,0,0,0
7955000
5,3,58,65
0
5,3,53,993
0
5,3,54,1329
0
5,3,57,0
0
5,0,2,0
0
5,0,0,0
8587000
5,3,58,64
0
5,3,53,994
0
5,3,54,1326
0
5,3,57,0
0
5,0,2,0
0
5,0,0,0
7769000
5,3,58,64
0
5,3,53,995
0
5,3,54,1323
0
5,3,57,0
0
5,0,2,0
0
5,0,0,0
8592000
5,3,58,64
0
5,3,53,996
0
5,3,54,1319
0
5,3,57,0
0
5,0,2,0
0
5,0,0,0
7845000
5,3,58,64
0
5,3,53,997
0
5,3,54,1315
0
5,3,57,0
0
5,0,2,0
0
5,0,0,0
8674000
5,3,58,65
0
5,3,53,998
0
5,3,54,1311
0
5,3,57,0
0
5,0,2,0
0
5,0,0,0
7862000
5,3,58,66
0
5,3,53,999
0
5,3,54,1307
0
5,3,57,0
0
5,0,2,0
0
5,0,0,0
8683000
5,3,58,65
0
5,3,53,999
0
5,3,54,1304
0
5,3,57,0
0
5,0,2,0
0
5,0,0,0
7812000
5,3,58,65
0
5,3,53,1000
0
5,3,54,1301
0
5,3,57,0
0
5,0,2,0
0
5,0,0,0
8675000
5,3,58,67
0
5,3,53,1001
0
5,3,54,1297
0
5,3,57,0
0
5,0,2,0
0
5,0,0,0
7797000
5,3,58,67
0
5,3,53,1002
0
5,3,54,1294
0
5,3,57,0
0
5,0,2,0
0
5,0,0,0
8697000
5,3,58,67
0
5,3,53,1003
0
5,3,54,1291
0
5,3,57,0
0
5,0,2,0
0
5,0,0,0
7678000
5,3,58,65
0
5,3,53,1004
0
5,3,54,1287
0
5,3,57,0
0
5,0,2,0
0
5,0,0,0
8658000
5,3,58,65
0
5,3,53,1005
0
5,3,54,1284
0
5,3,57,0
0
5,0,2,0
0
5,0,0,0
7857000
5,3,58,67
0
5,3,53,1005
0
5,3,54,1280
0
5,3,57,0
0
5,0,2,0
0
5,0,0,0
8632000
5,3,58,66
0
5,3,53,1005
0
5,3,54,1276
0
5,3,57,0
0
5,0,2,0
0
5,0,0,0
7837000
5,3,58,66
0
5,3,53,1006
0
5,3,54,1273
0
5,3,57,0
0
5,0,2,0
0
5,0,0,0
8660000
5,3,58,66
0
5,3,53,1006
0
5,3,54,1270
0
5,3,57,0
0
5,0,2,0
0
5,0,0,0
7852000
5,3,58,66
0
5,3,53,1007
0
5,3,54,1267
0
5,3,57,0
0
5,0,2,0
0
5,0,0,0
8611000
5,3,58,66
0
5,3,53,1008
0
5,3,54,1264
0
5,3,57,0
0
5,0,2,0
0
5,0,0,0
7869000
5,3,58,66
0
5,3,53,1008
0
5,3,54,1261
0
5,3,57,0
0
5,0,2,0
0
5,0,0,0
8648000
5,3,58,66
0
5,3,53,1008
0
5,3,54,1258
0
5,3,57,0
0
5,0,2,0
0
5,0,0,0
7882000
5,3,58,64
0
5,3,53,1009
0
5,3,54,1255
0
5,3,57,0
0
5,0,2,0
0
5,0,0,0
8722000
5,3,58,64
0
5,3,53,1009
0
5,3,54,1253
0
5,3,57,0
0
5,0,2,0
0
5,0,0,0
7767000
5,3,58,65
0
5,3,53,1009
0
5,3,54,1251
0
5,3,57,0
0
5,0,2,0
0
5,0,0,0
8690000
5,3,58,65
0
5,3,53,1009
0
5,3,54,1249
0
5,3,57,0
0
5,0,2,0
0
5,0,0,0
7805000
5,3,58,65
0
5,3,53,1009
0
5,3,54,1247
0
5,3,57,0
0
5,0,2,0
0
5,0,0,0
8611000
5,3,58,65
0
5,3,53,1009
0
5,3,54,1245
0
5,3,57,0
0
5,0,2,0
0
5,0,0,0
7857000
5,3,58,65
0
5,3,53,1009
0
5,3,54,1243
0
5,3,57,0
0
5,0,2,0
0
5,0,0,0
8687000
5,3,58,65
0
5,3,53,1009
0
5,3,54,1241
0
5,3,57,0
0
5,0,2,0
0
5,0,0,0
7842000
5,3,58,65
0
5,3,53,1009
0
5,3,54,1239
0
5,3,57,0
0
5,0,2,0
0
5,0,0,0
8565000
5,3,58,65
0
5,3,53,1009
0
5,3,54,1237
0
5,3,57,0
0
5,0,2,0
0
5,0,0,0
7891000
5,3,58,65
0
5,3,53,1009
0
5,3,54,1235
0
5,3,57,0
0
5,0,2,0
0
5,0,0,0
8623000
5,3,58,67
0
5,3,53,1009
0
5,3,54,1233
0
5,3,57,0
0
5,0,2,0
0
5,0,0,0
7875000
5,3,58,67
0
5,3,53,1009
0
5,3,54,1231
0
5,3,57,0
0
5,0,2,0
0
5,0,0,0
8663000
5,3,58,67
0
5,3,53,1009
0
5,3,54,1229
0
5,3,57,0
0
5,0,2,0
0
5,0,0,0
7808000
5,3,58,67
0
5,3,53,1009
0
5,3,54,1227
0
5,3,57,0
0
5,0,2,0
0
5,0,0,0
8632000
5,3,58,68
0
5,3,53,1009
0
5,3,54,1225
0
5,3,57,0
0
5,0,2,0
0
5,0,0,0
7874000
5,3,58,68
0
5,3,53,1009
0
5,3,54,1223
0
5,3,57,0
0
5,0,2,0
0
5,0,0,0
8623000
5,3,58,68
0
5,3,53,1009
0
5,3,54,1221
0
5,3,57,0
0
5,0,2,0
0
5,0,0,0
7867000
5,3,58,68
0
5,3,53,1009
0
5,3,54,1220
0
5,3,57,0
0
5,0,2,0
0
5,0,0,0
8620000
5,3,58,68
0
5,3,53,1009
0
5,3,54,1218
0
5,3,57,0
0
5,0,2,0
0
5,0,0,0
7866000
5,3,58,67
0
5,3,53,1009
0
5,3,54,1216
0
5,3,57,0
0
5,0,2,0
0
5,0,0,0
8589000
5,3,58,67
0
5,3,53,1009
0
5,3,54,1214
0
5,3,57,0
0
5,0,2,0
0
5,0,0,0
7877000
5,3,58,67
0
5,3,53,1009
0
5,3,54,1212
0
5,3,57,0
0
5,0,2,0
0
5,0,0,0
8685000
5,3,58,67
0
5,3,53,1009
0
5,3,54,1210
0
5,3,57,0
0
5,0,2,0
0
5,0,0,0
7842000
5,3,58,68
0
5,3,53,1009
0
5,3,54,1207
0
5,3,57,0
0
5,0,2,0
0
5,0,0,0
8677000
5,3,58,67
0
5,3,53,1009
0
5,3,54,1204
0
5,3,57,0
0
5,0,2,0
0
5,0,0,0
7754000
5,3,58,67
0
5,3,53,1009
0
5,3,54,1201
0
5,3,57,0
0
5,0,2,0
0
5,0,0,0
8622000
5,3,58,67
0
5,3,53,1009
0
5,3,54,1198
0
5,3,57,0
0
5,0,2,0
0
5,0,0,0
7804000
5,3,58,68
0
5,3,53,1009
0
5,3,54,1195
0
5,3,57,0
0
5,0,2,0
0
5,0,0,0
8617000
5,3,58,68
0
5,3,53,1009
0
5,3,54,1192
0
5,3,57,0
0
5,0,2,0
0
5,0,0,0
7824000
5,3,58,66
0
5,3,53,1009
0
5,3,54,1189
0
5,3,57,0
0
5,0,2,0
0
5,0,0,0
8648000
5,3,58,66
0
5,3,53,1009
0
5,3,54,1186
0
5,3,57,0
0
5,0,2,0
0
5,0,0,0
7871000
5,3,58,66
0
5,3,53,1009
0
5,3,54,1183
0
5,3,57,0
0
5,0,2,0
0
5,0,0,0
8624000
5,3,58,66
0
5,3,53,1009
0
5,3,54,1180
0
5,3,57,0
0
5,0,2,0
0
5,0,0,0
7840000
5,3,58,66
0
5,3,53,1009
0
5,3,54,1177
0
5,3,57,0
0
5,0,2,0
0
5,0,0,0
8647000
5,3,58,66
0
5,3,53,1009
0
5,3,54,1174
0
5,3,57,0
0
5,0,2,0
0
5,0,0,0
7846000
5,3,58,68
0
5,3,53,1009
0
5,3,54,1171
0
5,3,57,0
0
5,0,2,0
0
5,0,0,0
8639000
5,3,58,68
0
5,3,53,1009
0
5,3,54,1169
0
5,3,57,0
0
5,0,2,0
0
5,0,0,0
7858000
5,3,58,68
0
5,3,53,1009
0
5,3,54,1167
0
5,3,57,0
0
5,0,2,0
0
5,0,0,0
8729000
5,3,58,68
0
5,3,53,1009
0
5,3,54,1164
0
5,3,57,0
0
5,0,2,0
0
5,0,0,0
7836000
5,3,58,70
0
5,3,53,1009
0
5,3,54,1162
0
5,3,57,0
0
5,0,2,0
0
5,0,0,0
8631000
5,3,58,69
0
5,3,53,1009
0
5,3,54,1159
0
5,3,57,0
0
5,0,2,0
0
5,0,0,0
7857000
5,3,58,69
0
5,3,53,1009
0
5,3,54,1157
0
5,3,57,0
0
5,0,2,0
0
5,0,0,0
8626000
5,3,58,69
0
5,3,53,1009
0
5,3,54,1155
0
5,3,57,0
0
5,0,2,0
0
5,0,0,0
7864000
5,3,58,69
0
5,3,53,1009
0
5,3,54,1152
0
5,3,57,0
0
5,0,2,0
0
5,0,0,0
8653000
5,3,58,69
0
5,3,53,1009
0
5,3,54,1150
0
5,3,57,0
0
5,0,2,0
0
5,0,0,0
7858000
5,3,58,69
0
5,3,53,1009
0
5,3,54,1148
0
5,3,57,0
0
5,0,2,0
0
5,0,0,0
8649000
5,3,58,71
0
5,3,53,1009
0
5,3,54,1145
0
5,3,57,0
0
5,0,2,0
0
5,0,0,0
7825000
5,3,58,69
0
5,3,53,1009
0
5,3,54,1142
0
5,3,57,0
0
5,0,2,0
0
5,0,0,0
8610000
5,3,58,69
0
5,3,53,1009
0
5,3,54,1139
0
5,3,57,0
0
5,0,2,0
0
5,0,0,0
7871000
5,3,58,70
0
5,3,53,1009
0
5,3,54,1137
0
5,3,57,0
0
5,0,2,0
0
5,0,0,0
8618000
5,3,58,68
0
5,3,53,1009
0
5,3,54,1134
0
5,3,57,0
0
5,0,2,0
0
5,0,0,0
7929000
5,3,58,68
0
5,3,53,1009
0
5,3,54,1132
0
5,3,57,0
0
5,0,2,0
0
5,0,0,0
8538000
5,3,58,68
0
5,3,53,1009
0
5,3,54,1129
0
5,3,57,0
0
5,0,2,0
0
5,0,0,0
7867000
5,3,58,69
0
5,3,53,1009
0
5,3,54,1126
0
5,3,57,0
0
5,0,2,0
0
5,0,0,0
8610000
5,3,58,68
0
5,3,53,1009
0
5,3,54,1124
0
5,3,57,0
0
5,0,2,0
0
5,0,0,0
7866000
5,3,58,69
0
5,3,53,1009
0
5,3,54,1121
0
5,3,57,0
0
5,0,2,0
0
5,0,0,0
8623000
5,3,58,69
0
5,3,53,1009
0
5,3,54,1118
0
5,3,57,0
0
5,0,2,0
0
5,0,0,0
7904000
5,3,58,69
0
5,3,53,1009
0
5,3,54,1116
0
5,3,57,0
0
5,0,2,0
0
5,0,0,0
8662000
5,3,58,67
0
5,3,53,1009
0
5,3,54,1114
0
5,3,57,0
0
5,0,2,0
0
5,0,0,0
7815000
5,3,58,67
0
5,3,53,1009
0
5,3,54,1111
0
5,3,57,0
0
5,0,2,0
0
5,0,0,0
8588000
5,3,58,67
0
5,3,53,1009
0
5,3,54,1109
0
5,3,57,0
0
5,0,2,0
0
5,0,0,0
7849000
5,3,58,67
0
5,3,53,1009
0
5,3,54,1107
0
5,3,57,0
0
5,0,2,0
0
5,0,0,0
8635000
5,3,58,67
0
5,3,53,1009
0
5,3,54,1104
0
5,3,57,0
0
5,0,2,0
0
5,0,0,0
7789000
5,3,58,69
0
5,3,53,1009
0
5,3,54,1102
0
5,3,57,0
0
5,0,2,0
0
5,0,0,0
8638000
5,3,58,69
0
5,3,53,1009
0
5,3,54,1100
0
5,3,57,0
0
5,0,2,0
0
5,0,0,0
7867000
5,3,58,69
0
5,3,53,1009
0
5,3,54,1098
0
5,3,57,0
0
5,0,2,0
0
5,0,0,0
8621000
5,3,58,69
0
5,3,53,1008
0
5,3,54,1096
0
5,3,57,0
0
5,0,2,0
0
5,0,0,0
7834000
5,3,58,69
0
5,3,53,1008
0
5,3,54,1094
0
5,3,57,0
0
5,0,2,0
0
5,0,0,0
8652000
5,3,58,69
0
5,3,53,1008
0
5,3,54,1092
0
5,3,57,0
0
5,0,2,0
0
5,0,0,0
7866000
5,3,58,71
0
5,3,53,1008
0
5,3,54,1090
0
5,3,57,0
0
5,0,2,0
0
5,0,0,0
8625000
5,3,58,70
0
5,3,53,1008
0
5,3,54,1088
0
5,3,57,0
0
5,0,2,0
0
5,0,0,0
7876000
5,3,58,71
0
5,3,53,1008
0
5,3,54,1086
0
5,3,57,0
0
5,0,2,0
0
5,0,0,0
8618000
5,3,58,70
0
5,3,53,1008
0
5,3,54,1083
0
5,3,57,0
0
5,0,2,0
0
5,0,0,0
7874000
5,3,58,72
0
5,3,53,1008
0
5,3,54,1080
0
5,3,57,0
0
5,0,2,0
0
5,0,0,0
8626000
5,3,58,72
0
5,3,53,1008
0
5,3,54,1077
0
5,3,57,0
0
5,0,2,0
0
5,0,0,0
7846000
5,3,58,72
0
5,3,53,1008
0
5,3,54,1074
0
5,3,57,0
0
5,0,2,0
0
5,0,0,0
8605000
5,3,58,68
0
5,3,53,1008
0
5,3,54,1070
0
5,3,57,0
0
5,0,2,0
0
5,0,0,0
7856000
5,3,58,69
0
5,3,53,1008
0
5,3,54,1067
0
5,3,57,0
0
5,0,2,0
0
5,0,0,0
8652000
5,3,58,69
0
5,3,53,1007
0
5,3,54,1063
0
5,3,57,0
0
5,0,2,0
0
5,0,0,0
7897000
5,3,58,69
0
5,3,53,1007
0
5,3,54,1060
0
5,3,57,0
0
5,0,2,0
0
5,0,0,0
8629000
5,3,58,69
0
5,3,53,1007
0
5,3,54,1056
0
5,3,57,0
0
5,0,2,0
0
5,0,0,0
7868000
5,3,58,69
0
5,3,53,1007
0
5,3,54,1052
0
5,3,57,0
0
5,0,2,0
0
5,0,0,0
8626000
5,3,58,69
0
5,3,53,1007
0
5,3,54,1048
0
5,3,57,0
0
5,0,2,0
0
5,0,0,0
7840000
5,3,58,67
0
5,3,53,1007
0
5,3,54,1045
0
5,3,57,0
0
5,0,2,0
0
5,0,0,0
8663000
5,3,58,67
0
5,3,53,1007
0
5,3,54,1041
0
5,3,57,0
0
5,0,2,0
0
5,0,0,0
7827000
5,3,58,69
0
5,3,53,1007
0
5,3,54,1037
0
5,3,57,0
0
5,0,2,0
0
5,0,0,0
8735000
5,3,58,69
0
5,3,53,1007
0
5,3,54,1034
0
5,3,57,0
0
5,0,2,0
0
5,0,0,0
7791000
5,3,58,69
0
5,3,53,1007
0
5,3,54,1031
0
5,3,57,0
0
5,0,2,0
0
5,0,0,0
8612000
5,3,58,70
0
5,3,53,1007
0
5,3,54,1027
0
5,3,57,0
0
5,0,2,0
0
5,0,0,0
7863000
5,3,58,70
0
5,3,53,1007
0
5,3,54,1023
0
5,3,57,0
0
5,0,2,0
0
5,0,0,0
8604000
5,3,58,70
0
5,3,53,1007
0
5,3,54,1019
0
5,3,57,0
0
5,0,2,0
0
5,0,0,0
7895000
5,3,58,70
0
5,3,53,1007
0
5,3,54,1016
0
5,3,57,0
0
5,0,2,0
0
5,0,0,0
8623000
5,3,58,72
0
5,3,53,1007
0
5,3,54,1012
0
5,3,57,0
0
5,0,2,0
0
5,0,0,0
7870000
5,3,58,72
0
5,3,53,1007
0
5,3,54,1009
0
5,3,57,0
0
5,0,2,0
0
5,0,0,0
8679000
5,3,58,70
0
5,3,53,1006
0
5,3,54,1006
0
5,3,57,0
0
5,0,2,0
0
5,0,0,0
7802000
5,3,58,70
0
5,3,53,1005
0
5,3,54,1003
0
5,3,57,0
0
5,0,2,0
0
5,0,0,0
8609000
5,3,58,68
0
5,3,53,1005
0
5,3,54,999
0
5,3,57,0
0
5,0,2,0
0
5,0,0,0
7810000
5,3,58,69
0
5,3,53,1005
0
5,3,54,996
0
5,3,57,0
0
5,0,2,0
0
5,0,0,0
8759000
5,3,58,69
0
5,3,53,1005
0
5,3,54,993
0
5,3,57,0
0
5,0,2,0
0
5,0,0,0
7751000
5,3,58,69
0
5,3,53,1005
0
5,3,54,990
0
5,3,57,0
0
5,0,2,0
0
5,0,0,0
8695000
5,3,58,69
0
5,3,53,1005
0
5,3,54,987
0
5,3,57,0
0
5,0,2,0
0
5,0,0,0
7710000
5,3,58,69
0
5,3,53,1005
0
5,3,54,984
0
5,3,57,0
0
5,0,2,0
0
5,0,0,0
8664000
5,3,58,67
0
5,3,53,1005
0
5,3,54,981
0
5,3,57,0
0
5,0,2,0
0
5,0,0,0
7779000
5,3,58,67
0
5,3,53,1005
0
5,3,54,978
0
5,3,57,0
0
5,0,2,0
0
5,0,0,0
8636000
5,3,58,67
0
5,3,53,1005
0
5,3,54,975
0
5,3,57,0
0
5,0,2,0
0
5,0,0,0
7879000
5,3,58,67
0
5,3,53,1005
0
5,3,54,972
0
5,3,57,0
0
5,0,2,0
0
5,0,0,0
8604000
5,3,58,67
0
5,3,53,1005
0
5,3,54,969
0
5,3,57,0
0
5,0,2,0
0
5,0,0,0
7854000
5,3,58,67
0
5,3,53,1005
0
5,3,54,967
0
5,3,57,0
0
5,0,2,0
0
5,0,0,0
8674000
5,3,58,69
0
5,3,53,1005
0
5,3,54,964
0
5,3,57,0
0
5,0,2,0
0
5,0,0,0
7834000
5,3,58,69
0
5,3,53,1005
0
5,3,54,962
0
5,3,57,0
0
5,0,2,0
0
5,0,0,0
8631000
5,3,58,68
0
5,3,53,1005
0
5,3,54,959
0
5,3,57,0
0
5,0,2,0
0
5,0,0,0
7859000
5,3,58,69
0
5,3,53,1005
0
5,3,54,956
0
5,3,57,0
0
5,0,2,0
0
5,0,0,0
8677000
5,3,58,70
0
5,3,53,1005
0
5,3,54,953
0
5,3,57,0
0
5,0,2,0
0
5,0,0,0
7845000
5,3,58,70
0
5,3,53,1005
0
5,3,54,951
0
5,3,57,0
0
5,0,2,0
0
5,0,0,0
8623000
5,3,58,70
0
5,3,53,1005
0
5,3,54,948
0
5,3,57,0
0
5,0,2,0
0
5,0,0,0
7886000
5,3,58,70
0
5,3,53,1005
0
5,3,54,945
0
5,3,57,0
0
5,0,2,0
0
5,0,0,0
8673000
5,3,58,70
0
5,3,53,1005
0
5,3,54,942
0
5,3,57,0
0
5,0,2,0
0
5,0,0,0
7898000
5,3,58,72
0
5,3,53,1005
0
5,3,54,939
0
5,3,57,0
0
5,0,2,0
0
5,0,0,0
8560000
5,3,58,70
0
5,3,53,1005
0
5,3,54,936
0
5,3,57,0
0
5,0,2,0
0
5,0,0,0
7871000
5,3,58,69
0
5,3,53,1005
0
5,3,54,933
0
5,3,57,0
0
5,0,2,0
0
5,0,0,0
8686000
5,3,58,69
0
5,3,53,1005
0
5,3,54,929
0
5,3,57,0
0
5,0,2,0
0
5,0,0,0
7785000
5,3,58,69
0
5,3,53,1005
0
5,3,54,926
0
5,3,57,0
0
5,0,2,0
0
5,0,0,0
8618000
5,3,58,69
0
5,3,53,1005
0
5,3,54,923
0
5,3,57,0
0
5,0,2,0
0
5,0,0,0
7869000
5,3,58,69
0
5,3,53,1005
0
5,3,54,919
0
5,3,57,0
0
5,0,2,0
0
5,0,0,0
8685000
5,3,58,70
0
5,3,53,1005
0
5,3,54,915
0
5,3,57,0
0
5,0,2,0
0
5,0,0,0
7811000
5,3,58,68
0
5,3,53,1005
0
5,3,54,912
0
5,3,57,0
0
5,0,2,0
0
5,0,0,0
8577000
5,3,58,68
0
5,3,53,1005
0
5,3,54,909
0
5,3,57,0
0
5,0,2,0
0
5,0,0,0
7903000
5,3,58,68
0
5,3,53,1005
0
5,3,54,906
0
5,3,57,0
0
5,0,2,0
0
5,0,0,0
8622000
5,3,58,70
0
5,3,53,1005
0
5,3,54,903
0
5,3,57,0
0
5,0,2,0
0
5,0,0,0
7840000
5,3,58,70
0
5,3,53,1005
0
5,3,54,900
0
5,3,57,0
0
5,0,2,0
0
5,0,0,0
8626000
5,3,58,70
0
5,3,53,1005
0
5,3,54,897
0
5,3,57,0
0
5,0,2,0
0
5,0,0,0
7882000
5,3,58,70
0
5,3,53,1005
0
5,3,54,894
0
5,3,57,0
0
5,0,2,0
0
5,0,0,0
8668000
5,3,58,72
0
5,3,53,1005
0
5,3,54,891
0
5,3,57,0
0
5,0,2,0
0
5,0,0,0
7867000
5,3,58,72
0
5,3,53,1005
0
5,3,54,888
0
5,3,57,0
0
5,0,2,0
0
5,0,0,0
8639000
5,3,58,72
0
5,3,53,1005
0
5,3,54,885
0
5,3,57,0
0
5,0,2,0
0
5,0,0,0
7740000
5,3,58,72
0
5,3,53,1005
0
5,3,54,882
0
5,3,57,0
0
5,0,2,0
0
5,0,0,0
8632000
5,3,58,71
0
5,3,53,1005
0
5,3,54,879
0
5,3,57,0
0
5,0,2,0
0
5,0,0,0
7835000
5,3,58,72
0
5,3,53,1005
0
5,3,54,876
0
5,3,57,0
0
5,0,2,0
0
5,0,0,0
8662000
5,3,58,73
0
5,3,53,1005
0
5,3,54,873
0
5,3,57,0
0
5,0,2,0
0
5,0,0,0
7874000
5,3,58,73
0
5,3,53,1005
0
5,3,54,870
0
5,3,57,0
0
5,0,2,0
0
5,0,0,0
8613000
5,3,58,73
0
5,3,53,1005
0
5,3,54,867
0
5,3,57,0
0
5,0,2,0
0
5,0,0,0
7805000
5,3,58,69
0
5,3,53,1005
0
5,3,54,864
0
5,3,57,0
0
5,0,2,0
0
5,0,0,0
8639000
5,3,58,70
0
5,3,53,1005
0
5,3,54,861
0
5,3,57,0
0
5,0,2,0
0
5,0,0,0
7845000
5,3,58,70
0
5,3,53,1005
0
5,3,54,858
0
5,3,57,0
0
5,0,2,0
0
5,0,0,0
8641000
5,3,58,70
0
5,3,53,1005
0
5,3,54,855
0
5,3,57,0
0
5,0,2,0
0
5,0,0,0
7871000
5,3,58,70
0
5,3,53,1005
0
5,3,54,852
0
5,3,57,0
0
5,0,2,0
0
5,0,0,0
8612000
5,3,58,70
0
5,3,53,1005
0
5,3,54,849
0
5,3,57,0
0
5,0,2,0
0
5,0,0,0
7960000
5,3,58,70
0
5,3,53,1005
0
5,3,54,846
0
5,3,57,0
0
5,0,2,0
0
5,0,0,0
8598000
5,3,58,70
0
5,3,53,1005
0
5,3,54,843
0
5,3,57,0
0
5,0,2,0
0
5,0,0,0
7861000
5,3,58,71
0
5,3,53,1005
0
5,3,54,841
0
5,3,57,0
0
5,0,2,0
0
5,0,0,0
8627000
5,3,58,70
0
5,3,53,1005
0
5,3,54,839
0
5,3,57,0
0
5,0,2,0
0
5,0,0,0
7822000
5,3,58,69
0
5,3,53,1005
0
5,3,54,836
0
5,3,57,0
0
5,0,2,0
0
5,0,0,0
8668000
5,3,58,69
0
5,3,53,1005
0
5,3,54,834
0
5,3,57,0
0
5,0,2,0
0
5,0,0,0
7835000
5,3,58,69
0
5,3,53,1005
0
5,3,54,832
0
5,3,57,0
0
5,0,2,0
0
5,0,0,0
8785000
5,3,58,70
0
5,3,53,1005
0
5,3,54,830
0
5,3,57,0
0
5,0,2,0
0
5,0,0,0
7754000
5,3,58,70
0
5,3,53,1005
0
5,3,54,827
0
5,3,57,0
0
5,0,2,0
0
5,0,0,0
8560000
5,3,58,70
0
5,3,53,1005
0
5,3,54,825
0
5,3,57,0
0
5,0,2,0
0
5,0,0,0
7824000
5,3,58,70
0
5,3,53,1005
0
5,3,54,823
0
5,3,57,0
0
5,0,2,0
0
5,0,0,0
8666000
5,3,58,72
0
5,3,53,1005
0
5,3,54,820
0
5,3,57,0
0
5,0,2,0
0
5,0,0,0
7822000
5,3,58,72
0
5,3,53,1005
0
5,3,54,818
0
5,3,57,0
0
5,0,2,0
0
5,0,0,0
8621000
5,3,58,71
0
5,3,53,1006
0
5,3,54,815
0
5,3,57,0
0
5,0,2,0
0
5,0,0,0
7850000
5,3,58,72
0
5,3,53,1007
0
5,3,54,812
0
5,3,57,0
0
5,0,2,0
0
5,0,0,0
8666000
5,3,58,72
0
5,3,53,1007
0
5,3,54,809
0
5,3,57,0
0
5,0,2,0
0
5,0,0,0
7809000
5,3,58,72
0
5,3,53,1007
0
5,3,54,807
0
5,3,57,0
0
5,0,2,0
0
5,0,0,0
8653000
5,3,58,71
0
5,3,53,1007
0
5,3,54,804
0
5,3,57,0
0
5,0,2,0
0
5,0,0,0
7845000
5,3,58,71
0
5,3,53,1008
0
5,3,54,801
0
5,3,57,0
0
5,0,2,0
0
5,0,0,0
8688000
5,3,58,71
0
5,3,53,1008
0
5,3,54,798
0
5,3,57,0
0
5,0,2,0
0
5,0,0,0
7881000
5,3,58,72
0
5,3,53,1008
0
5,3,54,795
0
5,3,57,0
0
5,0,2,0
0
5,0,0,0
8655000
5,3,58,72
0
5,3,53,1008
0
5,3,54,792
0
5,3,57,0
0
5,0,2,0
0
5,0,0,0
7862000
5,3,58,70
0
5,3,53,1008
0
5,3,54,789
0
5,3,57,0
0
5,0,2,0
0
5,0,0,0
8605000
5,3,58,70
0
5,3,53,1009
0
5,3,54,786
0
5,3,57,0
0
5,0,2,0
0
5,0,0,0
7729000
5,3,58,70
0
5,3,53,1009
0
5,3,54,783
0
5,3,57,0
0
5,0,2,0
0
5,0,0,0
8727000
5,3,58,70
0
5,3,53,1009
0
5,3,54,780
0
5,3,57,0
0
5,0,2,0
0
5,0,0,0
7767000
5,3,58,70
0
5,3,53,1010
0
5,3,54,777
0
5,3,57,0
0
5,0,2,0
0
5,0,0,0
8668000
5,3,58,70
0
5,3,53,1010
0
5,3,54,774
0
5,3,57,0
0
5,0,2,0
0
5,0,0,0
7817000
5,3,58,70
0
5,3,53,1010
0
5,3,54,771
0
5,3,57,0
0
5,0,2,0
0
5,0,0,0
8612000
5,3,58,68
0
5,3,53,1010
0
5,3,54,768
0
5,3,57,0
0
5,0,2,0
0
5,0,0,0
7875000
5,3,58,68
0
5,3,53,1011
0
5,3,54,765
0
5,3,57,0
0
5,0,2,0
0
5,0,0,0
8620000
5,3,58,70
0
5,3,53,1011
0
5,3,54,762
0
5,3,57,0
0
5,0,2,0
0
5,0,0,0
7891000
5,3,58,70
0
5,3,53,1012
0
5,3,54,759
0
5,3,57,0
0
5,0,2,0
0
5,0,0,0
8648000
5,3,58,71
0
5,3,53,1012
0
5,3,54,756
0
5,3,57,0
0
5,0,2,0
0
5,0,0,0
7942000
5,3,58,72
0
5,3,53,1013
0
5,3,54,753
0
5,3,57,0
0
5,0,2,0
0
5,0,0,0
8598000
5,3,58,72
0
5,3,53,1013
0
5,3,54,750
0
5,3,57,0
0
5,0,2,0
0
5,0,0,0
7839000
5,3,58,72
0
5,3,53,1014
0
5,3,54,747
0
5,3,57,0
0
5,0,2,0
0
5,0,0,0
8743000
5,3,58,72
0
5,3,53,1014
0
5,3,54,743
0
5,3,57,0
0
5,0,2,0
0
5,0,0,0
7746000
5,3,58,70
0
5,3,53,1015
0
5,3,54,739
0
5,3,57,0
0
5,0,2,0
0
5,0,0,0
8754000
5,3,58,70
0
5,3,53,1015
0
5,3,54,735
0
5,3,57,0
0
5,0,2,0
0
5,0,0,0
7752000
5,3,58,70
0
5,3,53,1015
0
5,3,54,731
0
5,3,57,0
0
5,0,2,0
0
5,0,0,0
8657000
5,3,58,70
0
5,3,53,1015
0
5,3,54,727
0
5,3,57,0
0
5,0,2,0
0
5,0,0,0
7873000
5,3,58,72
0
5,3,53,1015
0
5,3,54,724
0
5,3,57,0
0
5,0,2,0
0
5,0,0,0
8536000
5,3,58,70
0
5,3,53,1015
0
5,3,54,721
0
5,3,57,0
0
5,0,2,0
0
5,0,0,0
7897000
5,3,58,70
0
5,3,53,1015
0
5,3,54,718
0
5,3,57,0
0
5,0,2,0
0
5,0,0,0
8625000
5,3,58,70
0
5,3,53,1015
0
5,3,54,715
0
5,3,57,0
0
5,0,2,0
0
5,0,0,0
7852000
5,3,58,71
0
5,3,53,1015
0
5,3,54,712
0
5,3,57,0
0
5,0,2,0
0
5,0,0,0
8621000
5,3,58,70
0
5,3,53,1015
0
5,3,54,708
0
5,3,57,0
0
5,0,2,0
0
5,0,0,0
7834000
5,3,58,69
0
5,3,53,1015
0
5,3,54,705
0
5,3,57,0
0
5,0,2,0
0
5,0,0,0
8609000
5,3,58,69
0
5,3,53,1015
0
5,3,54,701
0
5,3,57,0
0
5,0,2,0
0
5,0,0,0
7877000
5,3,58,69
0
5,3,53,1015
0
5,3,54,698
0
5,3,57,0
0
5,0,2,0
0
5,0,0,0
8687000
5,3,58,70
0
5,3,53,1015
0
5,3,54,694
0
5,3,57,0
0
5,0,2,0
0
5,0,0,0
7827000
5,3,58,70
0
5,3,53,1015
0
5,3,54,691
0
5,3,57,0
0
5,0,2,0
0
5,0,0,0
8709000
5,3,58,72
0
5,3,53,1015
0
5,3,54,687
0
5,3,57,0
0
5,0,2,0
0
5,0,0,0
7781000
5,3,58,72
0
5,3,53,1015
0
5,3,54,684
0
5,3,57,0
0
5,0,2,0
0
5,0,0,0
8641000
5,3,58,72
0
5,3,53,1015
0
5,3,54,680
0
5,3,57,0
0
5,0,2,0
0
5,0,0,0
7830000
5,3,58,72
0
5,3,53,1015
0
5,3,54,677
0
5,3,57,0
0
5,0,2,0
0
5,0,0,0
8667000
5,3,58,72
0
5,3,53,1015
0
5,3,54,673
0
5,3,57,0
0
5,0,2,0
0
5,0,0,0
7847000
5,3,58,72
0
5,3,53,1015
0
5,3,54,670
0
5,3,57,0
0
5,0,2,0
0
5,0,0,0
8650000
5,3,58,70
0
5,3,53,1015
0
5,3,54,666
0
5,3,57,0
0
5,0,2,0
0
5,0,0,0
7776000
5,3,58,72
0
5,3,53,1015
0
5,3,54,662
0
5,3,57,0
0
5,0,2,0
0
5,0,0,0
8751000
5,3,58,72
0
5,3,53,1015
0
5,3,54,658
0
5,3,57,0
0
5,0,2,0
0
5,0,0,0
7793000
5,3,58,71
0
5,3,53,1015
0
5,3,54,654
0
5,3,57,0
0
5,0,2,0
0
5,0,0,0
8598000
5,3,58,70
0
5,3,53,1015
0
5,3,54,650
0
5,3,57,0
0
5,0,2,0
0
5,0,0,0
7784000
5,3,58,71
0
5,3,53,1015
0
5,3,54,646
0
5,3,57,0
0
5,0,2,0
0
5,0,0,0
8616000
5,3,58,71
0
5,3,53,1015
0
5,3,54,642
0
5,3,57,0
0
5,0,2,0
0
5,0,0,0
7822000
5,3,58,69
0
5,3,53,1015
0
5,3,54,638
0
5,3,57,0
0
5,0,2,0
0
5,0,0,0
8650000
5,3,58,69
0
5,3,53,1015
0
5,3,54,634
0
5,3,57,0
0
5,0,2,0
0
5,0,0,0
7875000
5,3,58,71
0
5,3,53,1015
0
5,3,54,630
0
5,3,57,0
0
5,0,2,0
0
5,0,0,0
8673000
5,3,58,73
0
5,3,53,1015
0
5,3,54,626
0
5,3,57,0
0
5,0,2,0
0
5,0,0,0
7799000
5,3,58,73
0
5,3,53,1015
0
5,3,54,622
0
5,3,57,0
0
5,0,2,0
0
5,0,0,0
8639000
5,3,58,72
0
5,3,53,1015
0
5,3,54,618
0
5,3,57,0
0
5,0,2,0
0
5,0,0,0
7881000
5,3,58,73
0
5,3,53,1016
0
5,3,54,614
0
5,3,57,0
0
5,0,2,0
0
5,0,0,0
8652000
5,3,58,73
0
5,3,53,1016
0
5,3,54,610
0
5,3,57,0
0
5,0,2,0
0
5,0,0,0
7864000
5,3,58,73
0
5,3,53,1017
0
5,3,54,605
0
5,3,57,0
0
5,0,2,0
0
5,0,0,0
8587000
5,3,58,71
0
5,3,53,1018
0
5,3,54,600
0
5,3,57,0
0
5,0,2,0
0
5,0,0,0
7843000
5,3,58,71
0
5,3,53,1018
0
5,3,54,595
0
5,3,57,0
0
5,0,2,0
0
5,0,0,0
8641000
5,3,58,73
0
5,3,53,1019
0
5,3,54,590
0
5,3,57,0
0
5,0,2,0
0
5,0,0,0
7908000
5,3,58,71
0
5,3,53,1019
0
5,3,54,585
0
5,3,57,0
0
5,0,2,0
0
5,0,0,0
8621000
5,3,58,71
0
5,3,53,1019
0
5,3,54,580
0
5,3,57,0
0
5,0,2,0
0
5,0,0,0
7845000
5,3,58,71
0
5,3,53,1019
0
5,3,54,576
0
5,3,57,0
0
5,0,2,0
0
5,0,0,0
8628000
5,3,58,69
0
5,3,53,1020
0
5,3,54,571
0
5,3,57,0
0
5,0,2,0
0
5,0,0,0
7836000
5,3,58,69
0
5,3,53,1021
0
5,3,54,566
0
5,3,57,0
0
5,0,2,0
0
5,0,0,0
8659000
5,3,58,70
0
5,3,53,1021
0
5,3,54,562
0
5,3,57,0
0
5,0,2,0
0
5,0,0,0
7884000
5,3,58,72
0
5,3,53,1022
0
5,3,54,557
0
5,3,57,0
0
5,0,2,0
0
5,0,0,0
8675000
5,3,58,73
0
5,3,53,1023
0
5,3,54,552
0
5,3,57,0
0
5,0,2,0
0
5,0,0,0
7884000
5,3,58,73
0
5,3,53,1024
0
5,3,54,547
0
5,3,57,0
0
5,0,2,0
0
5,0,0,0
8508000
5,3,58,71
0
5,3,53,1025
0
5,3,54,542
0
5,3,57,0
0
5,0,2,0
0
5,0,0,0
7903000
5,3,58,71
0
5,3,53,1025
0
5,3,54,537
0
5,3,57,0
0
5,0,2,0
0
5,0,0,0
8599000
5,3,58,71
0
5,3,53,1026
0
5,3,54,533
0
5,3,57,0
0
5,0,2,0
0
5,0,0,0
7844000
5,3,58,71
0
5,3,53,1026
0
5,3,54,529
0
5,3,57,0
0
5,0,2,0
0
5,0,0,0
8645000
5,3,58,71
0
5,3,53,1026
0
5,3,54,525
0
5,3,57,0
0
5,0,2,0
0
5,0,0,0
7875000
5,3,58,71
0
5,3,53,1027
0
5,3,54,521
0
5,3,57,0
0
5,0,2,0
0
5,0,0,0
8652000
5,3,58,70
0
5,3,53,1027
0
5,3,54,517
0
5,3,57,0
0
5,0,2,0
0
5,0,0,0
7792000
5,3,58,69
0
5,3,53,1027
0
5,3,54,513
0
5,3,57,0
0
5,0,2,0
0
5,0,0,0
8595000
5,3,58,68
0
5,3,53,1028
0
5,3,54,509
0
5,3,57,0
0
5,0,2,0
0
5,0,0,0
7785000
5,3,58,66
0
5,3,53,1029
0
5,3,54,505
0
5,3,57,0
0
5,0,2,0
0
5,0,0,0
8624000
5,3,58,66
0
5,3,53,1030
0
5,3,54,501
0
5,3,57,0
0
5,0,2,0
0
5,0,0,0
7903000
5,3,58,69
0
5,3,53,1030
0
5,3,54,497
0
5,3,57,0
0
5,0,2,0
0
5,0,0,0
8658000
5,3,58,71
0
5,3,53,1031
0
5,3,54,492
0
5,3,57,0
0
5,0,2,0
0
5,0,0,0
7819000
5,3,58,70
0
5,3,53,1031
0
5,3,54,488
0
5,3,57,0
0
5,0,2,0
0
5,0,0,0
8628000
5,3,58,70
0
5,3,53,1032
0
5,3,54,484
0
5,3,57,0
0
5,0,2,0
0
5,0,0,0
7849000
5,3,58,70
0
5,3,53,1032
0
5,3,54,480
0
5,3,57,0
0
5,0,2,0
0
5,0,0,0
8653000
5,3,58,70
0
5,3,53,1032
0
5,3,54,475
0
5,3,57,0
0
5,0,2,0
0
5,0,0,0
7845000
5,3,58,71
0
5,3,53,1033
0
5,3,54,471
0
5,3,57,0
0
5,0,2,0
0
5,0,0,0
8613000
5,3,58,70
0
5,3,53,1033
0
5,3,54,466
0
5,3,57,0
0
5,0,2,0
0
5,0,0,0
7915000
5,3,58,71
0
5,3,53,1033
0
5,3,54,462
0
5,3,57,0
0
5,0,2,0
0
5,0,0,0
8594000
5,3,58,70
0
5,3,53,1033
0
5,3,54,457
0
5,3,57,0
0
5,0,2,0
0
5,0,0,0
7837000
5,3,58,70
0
5,3,53,1033
0
5,3,54,453
0
5,3,57,0
0
5,0,2,0
0
5,0,0,0
8726000
5,3,58,70
0
5,3,53,1033
0
5,3,54,449
0
5,3,57,0
0
5,0,2,0
0
5,0,0,0
7865000
5,3,58,70
0
5,3,53,1033
0
5,3,54,445
0
5,3,57,0
0
5,0,2,0
0
5,0,0,0
8602000
5,3,58,70
0
5,3,53,1033
0
5,3,54,442
0
5,3,57,0
0
5,0,2,0
0
5,0,0,0
7923000
5,3,58,70
0
5,3,53,1033
0
5,3,54,439
0
5,3,57,0
0
5,0,2,0
0
5,0,0,0
8514000
5,3,58,68
0
5,3,53,1033
0
5,3,54,436
0
5,3,57,0
0
5,0,2,0
0
5,0,0,0
7885000
5,3,58,68
0
5,3,53,1033
0
5,3,54,433
0
5,3,57,0
0
5,0,2,0
0
5,0,0,0
8604000
5,3,58,66
0
5,3,53,1033
0
5,3,54,430
0
5,3,57,0
0
5,0,2,0
0
5,0,0,0
7853000
5,3,58,64
0
5,3,53,1034
0
5,3,54,427
0
5,3,57,0
0
5,0,2,0
0
5,0,0,0
8601000
5,3,58,64
0
5,3,53,1034
0
5,3,54,424
0
5,3,57,0
0
5,0,2,0
0
5,0,0,0
7905000
5,3,58,66
0
5,3,53,1034
0
5,3,54,421
0
5,3,57,0
0
5,0,2,0
0
5,0,0,0
8624000
5,3,58,68
0
5,3,53,1034
0
5,3,54,418
0
5,3,57,0
0
5,0,2,0
0
5,0,0,0
7894000
5,3,58,68
0
5,3,53,1034
0
5,3,54,415
0
5,3,57,0
0
5,0,2,0
0
5,0,0,0
8622000
5,3,58,69
0
5,3,53,1034
0
5,3,54,412
0
5,3,57,0
0
5,0,2,0
0
5,0,0,0
7855000
5,3,58,70
0
5,3,53,1035
0
5,3,54,409
0
5,3,57,0
0
5,0,2,0
0
5,0,0,0
8623000
5,3,58,70
0
5,3,53,1035
0
5,3,54,405
0
5,3,57,0
0
5,0,2,0
0
5,0,0,0
7858000
5,3,58,70
0
5,3,53,1036
0
5,3,54,401
0
5,3,57,0
0
5,0,2,0
0
5,0,0,0
8637000
5,3,58,70
0
5,3,53,1036
0
5,3,54,397
0
5,3,57,0
0
5,0,2,0
0
5,0,0,0
7858000
5,3,58,70
0
5,3,53,1036
0
5,3,54,393
0
5,3,57,0
0
5,0,2,0
0
5,0,0,0
8677000
5,3,58,70
0
5,3,53,1037
0
5,3,54,389
0
5,3,57,0
0
5,0,2,0
0
5,0,0,0
7786000
5,3,58,70
0
5,3,53,1037
0
5,3,54,385
0
5,3,57,0
0
5,0,2,0
0
5,0,0,0
8650000
5,3,58,70
0
5,3,53,1037
0
5,3,54,381
0
5,3,57,0
0
5,0,2,0
0
5,0,0,0
7866000
5,3,58,70
0
5,3,53,1037
0
5,3,54,377
0
5,3,57,0
0
5,0,2,0
0
5,0,0,0
8588000
5,3,58,66
0
5,3,53,1037
0
5,3,54,373
0
5,3,57,0
0
5,0,2,0
0
5,0,0,0
7822000
5,3,58,66
0
5,3,53,1038
0
5,3,54,369
0
5,3,57,0
0
5,0,2,0
0
5,0,0,0
8672000
5,3,58,66
0
5,3,53,1038
0
5,3,54,365
0
5,3,57,0
0
5,0,2,0
0
5,0,0,0
7775000
5,3,58,68
0
5,3,53,1038
0
5,3,54,361
0
5,3,57,0
0
5,0,2,0
0
5,0,0,0
8633000
5,3,58,68
0
5,3,53,1038
0
5,3,54,357
0
5,3,57,0
0
5,0,2,0
0
5,0,0,0
7864000
5,3,58,69
0
5,3,53,1038
0
5,3,54,353
0
5,3,57,0
0
5,0,2,0
0
5,0,0,0
8613000
5,3,58,69
0
5,3,53,1038
0
5,3,54,349
0
5,3,57,0
0
5,0,2,0
0
5,0,0,0
7854000
5,3,58,69
0
5,3,53,1038
0
5,3,54,345
0
5,3,57,0
0
5,0,2,0
0
5,0,0,0
8641000
5,3,58,69
0
5,3,53,1038
0
5,3,54,340
0
5,3,57,0
0
5,0,2,0
0
5,0,0,0
7864000
5,3,58,69
0
5,3,53,1038
0
5,3,54,336
0
5,3,57,0
0
5,0,2,0
0
5,0,0,0
8616000
5,3,58,69
0
5,3,53,1038
0
5,3,54,332
0
5,3,57,0
0
5,0,2,0
0
5,0,0,0
7842000
5,3,58,69
0
5,3,53,1038
0
5,3,54,328
0
5,3,57,0
0
5,0,2,0
0
5,0,0,0
8658000
5,3,58,69
0
5,3,53,1039
0
5,3,54,324
0
5,3,57,0
0
5,0,2,0
0
5,0,0,0
7829000
5,3,58,69
0
5,3,53,1039
0
5,3,54,320
0
5,3,57,0
0
5,0,2,0
0
5,0,0,0
8640000
5,3,58,69
0
5,3,53,1039
0
5,3,54,316
0
5,3,57,0
0
5,0,2,0
0
5,0,0,0
8000000
5,3,58,69
0
5,3,53,1039
0
5,3,54,313
0
5,3,57,0
0
5,0,2,0
0
5,0,0,0
8548000
5,3,58,68
0
5,3,53,1039
0
5,3,54,310
0
5,3,57,0
0
5,0,2,0
0
5,0,0,0
7851000
5,3,58,68
0
5,3,53,1039
0
5,3,54,307
0
5,3,57,0
0
5,0,2,0
0
5,0,0,0
8621000
5,3,58,68
0
5,3,53,1039
0
5,3,54,304
0
5,3,57,0
0
5,0,2,0
0
5,0,0,0
7913000
5,3,58,68
0
5,3,53,1039
0
5,3,54,301
0
5,3,57,0
0
5,0,2,0
0
5,0,0,0
8602000
5,3,58,67
0
5,3,53,1039
0
5,3,54,298
0
5,3,57,0
0
5,0,2,0
0
5,0,0,0
7887000
5,3,58,67
0
5,3,53,1040
0
5,3,54,295
0
5,3,57,0
0
5,0,2,0
0
5,0,0,0
8550000
5,3,58,65
0
5,3,53,1041
0
5,3,54,292
0
5,3,57,0
0
5,0,2,0
0
5,0,0,0
7835000
5,3,58,63
0
5,3,53,1041
0
5,3,54,290
0
5,3,57,0
0
5,0,2,0
0
5,0,0,0
8621000
5,3,58,63
0
5,3,53,1041
0
5,3,54,288
0
5,3,57,0
0
5,0,2,0
0
5,0,0,0
7906000
5,3,58,63
0
5,3,53,1041
0
5,3,54,285
0
5,3,57,0
0
5,0,2,0
0
5,0,0,0
8613000
5,3,58,64
0
5,3,53,1042
0
5,3,54,283
0
5,3,57,0
0
5,0,2,0
0
5,0,0,0
7919000
5,3,58,65
0
5,3,53,1043
0
5,3,54,280
0
5,3,57,0
0
5,0,2,0
0
5,0,0,0
8628000
5,3,58,66
0
5,3,53,1043
0
5,3,54,277
0
5,3,57,0
0
5,0,2,0
0
5,0,0,0
7892000
5,3,58,66
0
5,3,53,1044
0
5,3,54,274
0
5,3,57,0
0
5,0,2,0
0
5,0,0,0
8613000
5,3,58,66
0
5,3,53,1044
0
5,3,54,271
0
5,3,57,0
0
5,0,2,0
0
5,0,0,0
7849000
5,3,58,66
0
5,3,53,1044
0
5,3,54,268
0
5,3,57,0
0
5,0,2,0
0
5,0,0,0
8736000
5,3,58,66
0
5,3,53,1045
0
5,3,54,265
0
5,3,57,0
0
5,0,2,0
0
5,0,0,0
7668000
5,3,58,66
0
5,3,53,1045
0
5,3,54,262
0
5,3,57,0
0
5,0,2,0
0
5,0,0,0
8606000
5,3,58,66
0
5,3,53,1046
0
5,3,54,259
0
5,3,57,0
0
5,0,2,0
0
5,0,0,0
7895000
5,3,58,66
0
5,3,53,1046
0
5,3,54,256
0
5,3,57,0
0
5,0,2,0
0
5,0,0,0
8605000
5,3,58,66
0
5,3,53,1046
0
5,3,54,253
0
5,3,57,0
0
5,0,2,0
0
5,0,0,0
7825000
5,3,58,66
0
5,3,53,1046
0
5,3,54,250
0
5,3,57,0
0
5,0,2,0
0
5,0,0,0
8708000
5,3,58,66
0
5,3,53,1046
0
5,3,54,247
0
5,3,57,0
0
5,0,2,0
0
5,0,0,0
7816000
5,3,58,66
0
5,3,53,1046
0
5,3,54,244
0
5,3,57,0
0
5,0,2,0
0
5,0,0,0
8632000
5,3,58,66
0
5,3,53,1046
0
5,3,54,242
0
5,3,57,0
0
5,0,2,0
0
5,0,0,0
7774000
5,3,58,66
0
5,3,53,1046
0
5,3,54,240
0
5,3,57,0
0
5,0,2,0
0
5,0,0,0
8645000
5,3,58,66
0
5,3,53,1046
0
5,3,54,238
0
5,3,57,0
0
5,0,2,0
0
5,0,0,0
7908000
5,3,58,68
0
5,3,53,1046
0
5,3,54,236
0
5,3,57,0
0
5,0,2,0
0
5,0,0,0
8571000
5,3,58,66
0
5,3,53,1046
0
5,3,54,234
0
5,3,57,0
0
5,0,2,0
0
5,0,0,0
7896000
5,3,58,68
0
5,3,53,1046
0
5,3,54,232
0
5,3,57,0
0
5,0,2,0
0
5,0,0,0
8621000
5,3,58,67
0
5,3,53,1046
0
5,3,54,230
0
5,3,57,0
0
5,0,2,0
0
5,0,0,0
7835000
5,3,58,68
0
5,3,53,1046
0
5,3,54,228
0
5,3,57,0
0
5,0,2,0
0
5,0,0,0
8627000
5,3,58,66
0
5,3,53,1046
0
5,3,54,226
0
5,3,57,0
0
5,0,2,0
0
5,0,0,0
7886000
5,3,58,66
0
5,3,53,1046
0
5,3,54,224
0
5,3,57,0
0
5,0,2,0
0
5,0,0,0
8600000
5,3,58,66
0
5,3,53,1046
0
5,3,54,222
0
5,3,57,0
0
5,0,2,0
0
5,0,0,0
7835000
5,3,58,64
0
5,3,53,1046
0
5,3,54,221
0
5,3,57,0
0
5,0,2,0
0
5,0,0,0
8633000
5,3,58,64
0
5,3,53,1046
0
5,3,54,219
0
5,3,57,0
0
5,0,2,0
0
5,0,0,0
7890000
5,3,58,64
0
5,3,53,1046
0
5,3,54,218
0
5,3,57,0
0
5,0,2,0
0
5,0,0,0
8650000
5,3,58,64
0
5,3,53,1046
0
5,3,54,217
0
5,3,57,0
0
5,0,2,0
0
5,0,0,0
7861000
5,3,58,64
0
5,3,53,1046
0
5,3,54,216
0
5,3,57,0
0
5,0,2,0
0
5,0,0,0
8621000
5,3,58,63
0
5,3,53,1046
0
5,3,54,214
0
5,3,57,0
0
5,0,2,0
0
5,0,0,0
7858000
5,3,58,63
0
5,3,53,1046
0
5,3,54,212
0
5,3,57,0
0
5,0,2,0
0
5,0,0,0
8766000
5,3,58,63
0
5,3,53,1047
0
5,3,54,210
0
5,3,57,0
0
5,0,2,0
0
5,0,0,0
7761000
5,3,58,65
0
5,3,53,1047
0
5,3,54,208
0
5,3,57,0
0
5,0,2,0
0
5,0,0,0
8655000
5,3,58,64
0
5,3,53,1047
0
5,3,54,206
0
5,3,57,0
0
5,0,2,0
0
5,0,0,0
7847000
5,3,58,64
0
5,3,53,1048
0
5,3,54,204
0
5,3,57,0
0
5,0,2,0
0
5,0,0,0
8660000
5,3,58,64
0
5,3,53,1048
0
5,3,54,202
0
5,3,57,0
0
5,0,2,0
0
5,0,0,0
7821000
5,3,58,63
0
5,3,53,1048
0
5,3,54,200
0
5,3,57,0
0
5,0,2,0
0
5,0,0,0
8659000
5,3,58,63
0
5,3,53,1048
0
5,3,54,198
0
5,3,57,0
0
5,0,2,0
0
5,0,0,0
7842000
5,3,58,63
0
5,3,53,1049
0
5,3,54,196
0
5,3,57,0
0
5,0,2,0
0
5,0,0,0
8607000
5,3,58,62
0
5,3,53,1050
0
5,3,54,194
0
5,3,57,0
0
5,0,2,0
0
5,0,0,0
7859000
5,3,58,62
0
5,3,53,1051
0
5,3,54,192
0
5,3,57,0
0
5,0,2,0
0
5,0,0,0
8620000
5,3,58,62
0
5,3,53,1052
0
5,3,54,190
0
5,3,57,0
0
5,0,2,0
0
5,0,0,0
7859000
5,3,58,61
0
5,3,53,1053
0
5,3,54,188
0
5,3,57,0
0
5,0,2,0
0
5,0,0,0
8625000
5,3,58,60
0
5,3,53,1054
0
5,3,54,186
0
5,3,57,0
0
5,0,2,0
0
5,0,0,0
7871000
5,3,58,60
0
5,3,53,1055
0
5,3,54,184
0
5,3,57,0
0
5,0,2,0
0
5,0,0,0
8677000
5,3,58,60
0
5,3,53,1055
0
5,3,54,182
0
5,3,57,0
0
5,0,2,0
0
5,0,0,0
7847000
5,3,58,60
0
5,3,53,1055
0
5,3,54,180
0
5,3,57,0
0
5,0,2,0
0
5,0,0,0
8622000
5,3,58,60
0
5,3,53,1055
0
5,3,54,178
0
5,3,57,0
0
5,0,2,0
0
5,0,0,0
7781000
5,3,58,60
0
5,3,53,1055
0
5,3,54,176
0
5,3,57,0
0
5,0,2,0
0
5,0,0,0
8719000
5,3,58,59
0
5,3,53,1055
0
5,3,54,175
0
5,3,57,0
0
5,0,2,0
0
5,0,0,0
7788000
5,3,58,59
0
5,3,53,1055
0
5,3,54,173
0
5,3,57,0
0
5,0,2,0
0
5,0,0,0
8629000
5,3,58,59
0
5,3,53,1055
0
5,3,54,172
0
5,3,57,0
0
5,0,2,0
0
5,0,0,0
7748000
5,3,58,59
0
5,3,53,1055
0
5,3,54,171
0
5,3,57,0
0
5,0,2,0
0
5,0,0,0
8657000
5,3,58,59
0
5,3,53,1055
0
5,3,54,170
0
5,3,57,0
0
5,0,2,0
0
5,0,0,0
7840000
5,3,58,58
0
5,3,53,1055
0
5,3,54,169
0
5,3,57,0
0
5,0,2,0
0
5,0,0,0
8647000
5,3,58,58
0
5,3,53,1055
0
5,3,54,168
0
5,3,57,0
0
5,0,2,0
0
5,0,0,0
7833000
5,3,58,58
0
5,3,53,1055
0
5,3,54,167
0
5,3,57,0
0
5,0,2,0
0
5,0,0,0
8640000
5,3,58,56
0
5,3,53,1055
0
5,3,54,166
0
5,3,57,0
0
5,0,2,0
0
5,0,0,0
7834000
5,3,58,56
0
5,3,53,1055
0
5,3,54,165
0
5,3,57,0
0
5,0,2,0
0
5,0,0,0
8656000
5,3,58,56
0
5,3,53,1056
0
5,3,54,163
0
5,3,57,0
0
5,0,2,0
0
5,0,0,0
7852000
5,3,58,55
0
5,3,53,1056
0
5,3,54,162
0
5,3,57,0
0
5,0,2,0
0
5,0,0,0
8595000
5,3,58,55
0
5,3,53,1056
0
5,3,54,161
0
5,3,57,0
0
5,0,2,0
0
5,0,0,0
7911000
5,3,58,55
0
5,3,53,1056
0
5,3,54,160
0
5,3,57,0
0
5,0,2,0
0
5,0,0,0
8599000
5,3,58,54
0
5,3,53,1057
0
5,3,54,158
0
5,3,57,0
0
5,0,2,0
0
5,0,0,0
7834000
5,3,58,53
0
5,3,53,1058
0
5,3,54,157
0
5,3,57,0
0
5,0,2,0
0
5,0,0,0
8631000
5,3,58,51
0
5,3,53,1058
0
5,3,54,156
0
5,3,57,0
0
5,0,2,0
0
5,0,0,0
7925000
5,3,58,50
0
5,3,53,1059
0
5,3,54,154
0
5,3,57,0
0
5,0,2,0
0
5,0,0,0
8690000
5,3,58,49
0
5,3,53,1059
0
5,3,54,152
0
5,3,57,0
0
5,0,2,0
0
5,0,0,0
7823000
5,3,58,48
0
5,3,53,1059
0
5,3,54,150
0
5,3,57,0
0
5,0,2,0
0
5,0,0,0
8636000
5,3,58,47
0
5,3,53,1060
0
5,3,54,148
0
5,3,57,0
0
5,0,2,0
0
5,0,0,0
7795000
5,3,58,45
0
5,3,53,1061
0
5,3,54,146
0
5,3,57,0
0
5,0,2,0
0
5,0,0,0
8630000
5,3,58,44
0
5,3,53,1062
0
5,3,54,143
0
5,3,57,0
0
5,0,2,0
0
5,0,0,0
7900000
5,3,58,38
0
5,3,53,1063
0
5,3,54,140
0
5,3,57,0
0
5,0,2,0
0
5,0,0,0
8594000
5,3,58,30
0
5,3,53,1064
0
5,3,54,137
0
5,3,57,0
0
5,0,2,0
0
5,0,0,0
7808000
5,3,58,25
0
5,3,53,1064
0
5,3,54,134
0
5,3,57,0
0
5,0,2,0
0
5,0,0,0
8604000
5,3,58,17
0
5,3,53,1064
0
5,3,54,132
0
5,3,57,0
0
5,0,2,0
0
5,0,0,0
7924000
5,3,58,14
0
5,3,53,1064
0
5,3,54,129
0
5,3,57,0
0
5,0,2,0
0
5,0,0,0
8288000
5,0,2,0
0
5,1,330,0
0
5,0,0,0
5087041000
5,3,58,47
0
5,3,53,910
0
5,3,54,1728
0
5,3,57,0
0
5,0,2,0
0
5,1,330,1
0
5,0,0,0
5469000
5,3,58,47
0
5,3,53,910
0
5,3,54,1728
0
5,3,57,0
0
5,0,2,0
0
5,0,0,0
7609000
5,3,58,49
0
5,3,53,910
0
5,3,54,1728
0
5,3,57,0
0
5,0,2,0
0
5,0,0,0
8387000
5,3,58,50
0
5,3,53,910
0
5,3,54,1728
0
5,3,57,0
0
5,0,2,0
0
5,0,0,0
7562000
5,3,58,52
0
5,3,53,909
0
5,3,54,1727
0
5,3,57,0
0
5,0,2,0
0
5,0,0,0
8713000
5,3,58,53
0
5,3,53,908
0
5,3,54,1726
0
5,3,57,0
0
5,0,2,0
0
5,0,0,0
7755000
5,3,58,53
0
5,3,53,907
0
5,3,54,1725
0
5,3,57,0
0
5,0,2,0
0
5,0,0,0
8692000
5,3,58,53
0
5,3,53,906
0
5,3,54,1723
0
5,3,57,0
0
5,0,2,0
0
5,0,0,0
7796000
5,3,58,55
0
5,3,53,906
0
5,3,54,1721
0
5,3,57,0
0
5,0,2,0
0
5,0,0,0
8710000
5,3,58,55
0
5,3,53,906
0
5,3,54,1719
0
5,3,57,0
0
5,0,2,0
0
5,0,0,0
7748000
5,3,58,55
0
5,3,53,906
0
5,3,54,1717
0
5,3,57,0
0
5,0,2,0
0
5,0,0,0
8717000
5,3,58,55
0
5,3,53,906
0
5,3,54,1715
0
5,3,57,0
0
5,0,2,0
0
5,0,0,0
7794000
5,3,58,55
0
5,3,53,906
0
5,3,54,1713
0
5,3,57,0
0
5,0,2,0
0
5,0,0,0
8668000
5,3,58,55
0
5,3,53,906
0
5,3,54,1711
0
5,3,57,0
0
5,0,2,0
0
5,0,0,0
7787000
5,3,58,55
0
5,3,53,906
0
5,3,54,1709
0
5,3,57,0
0
5,0,2,0
0
5,0,0,0
8767000
5,3,58,57
0
5,3,53,906
0
5,3,54,1706
0
5,3,57,0
0
5,0,2,0
0
5,0,0,0
7786000
5,3,58,58
0
5,3,53,906
0
5,3,54,1704
0
5,3,57,0
0
5,0,2,0
0
5,0,0,0
8729000
5,3,58,57
0
5,3,53,906
0
5,3,54,1701
0
5,3,57,0
0
5,0,2,0
0
5,0,0,0
7732000
5,3,58,59
0
5,3,53,906
0
5,3,54,1698
0
5,3,57,0
0
5,0,2,0
0
5,0,0,0
8705000
5,3,58,59
0
5,3,53,906
0
5,3,54,1694
0
5,3,57,0
0
5,0,2,0
0
5,0,0,0
7787000
5,3,58,59
0
5,3,53,906
0
5,3,54,1690
0
5,3,57,0
0
5,0,2,0
0
5,0,0,0
8723000
5,3,58,56
0
5,3,53,906
0
5,3,54,1686
0
5,3,57,0
0
5,0,2,0
0
5,0,0,0
7772000
5,3,58,57
0
5,3,53,906
0
5,3,54,1682
0
5,3,57,0
0
5,0,2,0
0
5,0,0,0
8561000
5,3,58,55
0
5,3,53,905
0
5,3,54,1677
0
5,3,57,0
0
5,0,2,0
0
5,0,0,0
7826000
5,3,58,57
0
5,3,53,905
0
5,3,54,1672
0
5,3,57,0
0
5,0,2,0
0
5,0,0,0
8636000
5,3,58,57
0
5,3,53,905
0
5,3,54,1667
0
5,3,57,0
0
5,0,2,0
0
5,0,0,0
7848000
5,3,58,58
0
5,3,53,905
0
5,3,54,1662
0
5,3,57,0
0
5,0,2,0
0
5,0,0,0
8651000
5,3,58,58
0
5,3,53,905
0
5,3,54,1657
0
5,3,57,0
0
5,0,2,0
0
5,0,0,0
7879000
5,3,58,59
0
5,3,53,905
0
5,3,54,1651
0
5,3,57,0
0
5,0,2,0
0
5,0,0,0
8615000
5,3,58,59
0
5,3,53,905
0
5,3,54,1644
0
5,3,57,0
0
5,0,2,0
0
5,0,0,0
7900000
5,3,58,61
0
5,3,53,905
0
5,3,54,1637
0
5,3,57,0
0
5,0,2,0
0
5,0,0,0
8619000
5,3,58,61
0
5,3,53,905
0
5,3,54,1630
0
5,3,57,0
0
5,0,2,0
0
5,0,0,0
7851000
5,3,58,59
0
5,3,53,905
0
5,3,54,1623
0
5,3,57,0
0
5,0,2,0
0
5,0,0,0
8650000
5,3,58,60
0
5,3,53,906
0
5,3,54,1615
0
5,3,57,0
0
5,0,2,0
0
5,0,0,0
7890000
5,3,58,60
0
5,3,53,906
0
5,3,54,1608
0
5,3,57,0
0
5,0,2,0
0
5,0,0,0
8624000
5,3,58,60
0
5,3,53,906
0
5,3,54,1601
0
5,3,57,0
0
5,0,2,0
0
5,0,0,0
7854000
5,3,58,59
0
5,3,53,907
0
5,3,54,1594
0
5,3,57,0
0
5,0,2,0
0
5,0,0,0
8575000
5,3,58,59
0
5,3,53,907
0
5,3,54,1587
0
5,3,57,0
0
5,0,2,0
0
5,0,0,0
7920000
5,3,58,61
0
5,3,53,908
0
5,3,54,1580
0
5,3,57,0
0
5,0,2,0
0
5,0,0,0
8584000
5,3,58,60
0
5,3,53,908
0
5,3,54,1573
0
5,3,57,0
0
5,0,2,0
0
5,0,0,0
7915000
5,3,58,62
0
5,3,53,908
0
5,3,54,1566
0
5,3,57,0
0
5,0,2,0
0
5,0,0,0
8626000
5,3,58,64
0
5,3,53,909
0
5,3,54,1559
0
5,3,57,0
0
5,0,2,0
0
5,0,0,0
7850000
5,3,58,62
0
5,3,53,910
0
5,3,54,1552
0
5,3,57,0
0
5,0,2,0
0
5,0,0,0
8641000
5,3,58,61
0
5,3,53,910
0
5,3,54,1545
0
5,3,57,0
0
5,0,2,0
0
5,0,0,0
7828000
5,3,58,62
0
5,3,53,910
0
5,3,54,1539
0
5,3,57,0
0
5,0,2,0
0
5,0,0,0
8678000
5,3,58,62
0
5,3,53,910
0
5,3,54,1533
0
5,3,57,0
0
5,0,2,0
0
5,0,0,0
7814000
5,3,58,62
0
5,3,53,911
0
5,3,54,1528
0
5,3,57,0
0
5,0,2,0
0
5,0,0,0
8594000
5,3,58,62
0
5,3,53,911
0
5,3,54,1522
0
5,3,57,0
0
5,0,2,0
0
5,0,0,0
7923000
5,3,58,62
0
5,3,53,911
0
5,3,54,1517
0
5,3,57,0
0
5,0,2,0
0
5,0,0,0
8589000
5,3,58,62
0
5,3,53,911
0
5,3,54,1512
0
5,3,57,0
0
5,0,2,0
0
5,0,0,0
7825000
5,3,58,62
0
5,3,53,911
0
5,3,54,1507
0
5,3,57,0
0
5,0,2,0
0
5,0,0,0
8713000
5,3,58,63
0
5,3,53,911
0
5,3,54,1501
0
5,3,57,0
0
5,0,2,0
0
5,0,0,0
7848000
5,3,58,65
0
5,3,53,911
0
5,3,54,1495
0
5,3,57,0
0
5,0,2,0
0
5,0,0,0
8607000
5,3,58,65
0
5,3,53,911
0
5,3,54,1489
0
5,3,57,0
0
5,0,2,0
0
5,0,0,0
7849000
5,3,58,66
0
5,3,53,911
0
5,3,54,1483
0
5,3,57,0
0
5,0,2,0
0
5,0,0,0
8609000
5,3,58,63
0
5,3,53,911
0
5,3,54,1476
0
5,3,57,0
0
5,0,2,0
0
5,0,0,0
7853000
5,3,58,63
0
5,3,53,911
0
5,3,54,1470
0
5,3,57,0
0
5,0,2,0
0
5,0,0,0
8678000
5,3,58,63
0
5,3,53,911
0
5,3,54,1463
0
5,3,57,0
0
5,0,2,0
0
5,0,0,0
7786000
5,3,58,63
0
5,3,53,911
0
5,3,54,1457
0
5,3,57,0
0
5,0,2,0
0
5,0,0,0
8712000
5,3,58,65
0
5,3,53,911
0
5,3,54,1451
0
5,3,57,0
0
5,0,2,0
0
5,0,0,0
7766000
5,3,58,63
0
5,3,53,911
0
5,3,54,1444
0
5,3,57,0
0
5,0,2,0
0
5,0,0,0
8658000
5,3,58,64
0
5,3,53,911
0
5,3,54,1437
0
5,3,57,0
0
5,0,2,0
0
5,0,0,0
7891000
5,3,58,66
0
5,3,53,912
0
5,3,54,1429
0
5,3,57,0
0
5,0,2,0
0
5,0,0,0
8620000
5,3,58,66
0
5,3,53,913
0
5,3,54,1421
0
5,3,57,0
0
5,0,2,0
0
5,0,0,0
7839000
5,3,58,65
0
5,3,53,914
0
5,3,54,1412
0
5,3,57,0
0
5,0,2,0
0
5,0,0,0
8566000
5,3,58,64
0
5,3,53,914
0
5,3,54,1403
0
5,3,57,0
0
5,0,2,0
0
5,0,0,0
7887000
5,3,58,64
0
5,3,53,915
0
5,3,54,1394
0
5,3,57,0
0
5,0,2,0
0
5,0,0,0
8629000
5,3,58,65
0
5,3,53,916
0
5,3,54,1385
0
5,3,57,0
0
5,0,2,0
0
5,0,0,0
7846000
5,3,58,64
0
5,3,53,916
0
5,3,54,1376
0
5,3,57,0
0
5,0,2,0
0
5,0,0,0
8659000
5,3,58,67
0
5,3,53,916
0
5,3,54,1367
0
5,3,57,0
0
5,0,2,0
0
5,0,0,0
7857000
5,3,58,67
0
5,3,53,916
0
5,3,54,1357
0
5,3,57,0
0
5,0,2,0
0
5,0,0,0
8608000
5,3,58,66
0
5,3,53,916
0
5,3,54,1347
0
5,3,57,0
0
5,0,2,0
0
5,0,0,0
7840000
5,3,58,64
0
5,3,53,916
0
5,3,54,1337
0
5,3,57,0
0
5,0,2,0
0
5,0,0,0
8686000
5,3,58,65
0
5,3,53,916
0
5,3,54,1327
0
5,3,57,0
0
5,0,2,0
0
5,0,0,0
7765000
5,3,58,67
0
5,3,53,916
0
5,3,54,1318
0
5,3,57,0
0
5,0,2,0
0
5,0,0,0
8641000
5,3,58,64
0
5,3,53,916
0
5,3,54,1308
0
5,3,57,0
0
5,0,2,0
0
5,0,0,0
7927000
5,3,58,68
0
5,3,53,916
0
5,3,54,1297
0
5,3,57,0
0
5,0,2,0
0
5,0,0,0
8641000
5,3,58,68
0
5,3,53,916
0
5,3,54,1285
0
5,3,57,0
0
5,0,2,0
0
5,0,0,0
7751000
5,3,58,66
0
5,3,53,917
0
5,3,54,1274
0
5,3,57,0
0
5,0,2,0
0
5,0,0,0
8607000
5,3,58,66
0
5,3,53,917
0
5,3,54,1263
0
5,3,57,0
0
5,0,2,0
0
5,0,0,0
7871000
5,3,58,68
0
5,3,53,917
0
5,3,54,1253
0
5,3,57,0
0
5,0,2,0
0
5,0,0,0
8710000
5,3,58,67
0
5,3,53,918
0
5,3,54,1243
0
5,3,57,0
0
5,0,2,0
0
5,0,0,0
7785000
5,3,58,69
0
5,3,53,918
0
5,3,54,1232
0
5,3,57,0
0
5,0,2,0
0
5,0,0,0
8646000
5,3,58,69
0
5,3,53,919
0
5,3,54,1221
0
5,3,57,0
0
5,0,2,0
0
5,0,0,0
7790000
5,3,58,68
0
5,3,53,920
0
5,3,54,1211
0
5,3,57,0
0
5,0,2,0
0
5,0,0,0
8626000
5,3,58,67
0
5,3,53,921
0
5,3,54,1202
0
5,3,57,0
0
5,0,2,0
0
5,0,0,0
7950000
5,3,58,67
0
5,3,53,922
0
5,3,54,1193
0
5,3,57,0
0
5,0,2,0
0
5,0,0,0
8525000
5,3,58,67
0
5,3,53,923
0
5,3,54,1185
0
5,3,57,0
0
5,0,2,0
0
5,0,0,0
7903000
5,3,58,69
0
5,3,53,924
0
5,3,54,1177
0
5,3,57,0
0
5,0,2,0
0
5,0,0,0
8627000
5,3,58,70
0
5,3,53,925
0
5,3,54,1169
0
5,3,57,0
0
5,0,2,0
0
5,0,0,0
7865000
5,3,58,72
0
5,3,53,926
0
5,3,54,1160
0
5,3,57,0
0
5,0,2,0
0
5,0,0,0
8676000
5,3,58,71
0
5,3,53,926
0
5,3,54,1150
0
5,3,57,0
0
5,0,2,0
0
5,0,0,0
7758000
5,3,58,70
0
5,3,53,927
0
5,3,54,1141
0
5,3,57,0
0
5,0,2,0
0
5,0,0,0
8621000
5,3,58,68
0
5,3,53,928
0
5,3,54,1131
0
5,3,57,0
0
5,0,2,0
0
5,0,0,0
7840000
5,3,58,68
0
5,3,53,929
0
5,3,54,1122
0
5,3,57,0
0
5,0,2,0
0
5,0,0,0
8742000
5,3,58,70
0
5,3,53,930
0
5,3,54,1113
0
5,3,57,0
0
5,0,2,0
0
5,0,0,0
7811000
5,3,58,71
0
5,3,53,932
0
5,3,54,1104
0
5,3,57,0
0
5,0,2,0
0
5,0,0,0
8664000
5,3,58,73
0
5,3,53,933
0
5,3,54,1094
0
5,3,57,0
0
5,0,2,0
0
5,0,0,0
7820000
5,3,58,73
0
5,3,53,934
0
5,3,54,1084
0
5,3,57,0
0
5,0,2,0
0
5,0,0,0
8592000
5,3,58,70
0
5,3,53,935
0
5,3,54,1074
0
5,3,57,0
0
5,0,2,0
0
5,0,0,0
7849000
5,3,58,70
0
5,3,53,936
0
5,3,54,1064
0
5,3,57,0
0
5,0,2,0
0
5,0,0,0
8623000
5,3,58,69
0
5,3,53,937
0
5,3,54,1054
0
5,3,57,0
0
5,0,2,0
0
5,0,0,0
7858000
5,3,58,70
0
5,3,53,938
0
5,3,54,1045
0
5,3,57,0
0
5,0,2,0
0
5,0,0,0
8729000
5,3,58,72
0
5,3,53,939
0
5,3,54,1035
0
5,3,57,0
0
5,0,2,0
0
5,0,0,0
7886000
5,3,58,72
0
5,3,53,940
0
5,3,54,1025
0
5,3,57,0
0
5,0,2,0
0
5,0,0,0
8656000
5,3,58,72
0
5,3,53,941
0
5,3,54,1014
0
5,3,57,0
0
5,0,2,0
0
5,0,0,0
7807000
5,3,58,71
0
5,3,53,942
0
5,3,54,1003
0
5,3,57,0
0
5,0,2,0
0
5,0,0,0
8578000
5,3,58,69
0
5,3,53,943
0
5,3,54,992
0
5,3,57,0
0
5,0,2,0
0
5,0,0,0
7889000
5,3,58,69
0
5,3,53,944
0
5,3,54,982
0
5,3,57,0
0
5,0,2,0
0
5,0,0,0
8716000
5,3,58,74
0
5,3,53,945
0
5,3,54,972
0
5,3,57,0
0
5,0,2,0
0
5,0,0,0
7831000
5,3,58,74
0
5,3,53,947
0
5,3,54,961
0
5,3,57,0
0
5,0,2,0
0
5,0,0,0
8609000
5,3,58,72
0
5,3,53,949
0
5,3,54,950
0
5,3,57,0
0
5,0,2,0
0
5,0,0,0
7868000
5,3,58,74
0
5,3,53,951
0
5,3,54,939
0
5,3,57,0
0
5,0,2,0
0
5,0,0,0
8585000
5,3,58,73
0
5,3,53,953
0
5,3,54,928
0
5,3,57,0
0
5,0,2,0
0
5,0,0,0
7830000
5,3,58,72
0
5,3,53,954
0
5,3,54,918
0
5,3,57,0
0
5,0,2,0
0
5,0,0,0
8715000
5,3,58,75
0
5,3,53,956
0
5,3,54,908
0
5,3,57,0
0
5,0,2,0
0
5,0,0,0
7837000
5,3,58,75
0
5,3,53,958
0
5,3,54,899
0
5,3,57,0
0
5,0,2,0
0
5,0,0,0
8573000
5,3,58,74
0
5,3,53,959
0
5,3,54,890
0
5,3,57,0
0
5,0,2,0
0
5,0,0,0
7891000
5,3,58,74
0
5,3,53,961
0
5,3,54,881
0
5,3,57,0
0
5,0,2,0
0
5,0,0,0
8611000
5,3,58,76
0
5,3,53,963
0
5,3,54,872
0
5,3,57,0
0
5,0,2,0
0
5,0,0,0
7881000
5,3,58,76
0
5,3,53,965
0
5,3,54,863
0
5,3,57,0
0
5,0,2,0
0
5,0,0,0
8575000
5,3,58,72
0
5,3,53,966
0
5,3,54,854
0
5,3,57,0
0
5,0,2,0
0
5,0,0,0
7906000
5,3,58,74
0
5,3,53,967
0
5,3,54,846
0
5,3,57,0
0
5,0,2,0
0
5,0,0,0
8618000
5,3,58,76
0
5,3,53,969
0
5,3,54,838
0
5,3,57,0
0
5,0,2,0
0
5,0,0,0
7877000
5,3,58,76
0
5,3,53,970
0
5,3,54,830
0
5,3,57,0
0
5,0,2,0
0
5,0,0,0
8598000
5,3,58,74
0
5,3,53,971
0
5,3,54,822
0
5,3,57,0
0
5,0,2,0
0
5,0,0,0
7877000
5,3,58,77
0
5,3,53,973
0
5,3,54,814
0
5,3,57,0
0
5,0,2,0
0
5,0,0,0
8623000
5,3,58,77
0
5,3,53,975
0
5,3,54,806
0
5,3,57,0
0
5,0,2,0
0
5,0,0,0
7869000
5,3,58,77
0
5,3,53,976
0
5,3,54,799
0
5,3,57,0
0
5,0,2,0
0
5,0,0,0
8610000
5,3,58,75
0
5,3,53,977
0
5,3,54,792
0
5,3,57,0
0
5,0,2,0
0
5,0,0,0
7849000
5,3,58,73
0
5,3,53,978
0
5,3,54,785
0
5,3,57,0
0
5,0,2,0
0
5,0,0,0
8628000
5,3,58,72
0
5,3,53,980
0
5,3,54,778
0
5,3,57,0
0
5,0,2,0
0
5,0,0,0
7810000
5,3,58,72
0
5,3,53,981
0
5,3,54,772
0
5,3,57,0
0
5,0,2,0
0
5,0,0,0
8725000
5,3,58,74
0
5,3,53,982
0
5,3,54,767
0
5,3,57,0
0
5,0,2,0
0
5,0,0,0
7809000
5,3,58,74
0
5,3,53,983
0
5,3,54,762
0
5,3,57,0
0
5,0,2,0
0
5,0,0,0
8607000
5,3,58,75
0
5,3,53,984
0
5,3,54,756
0
5,3,57,0
0
5,0,2,0
0
5,0,0,0
7822000
5,3,58,78
0
5,3,53,985
0
5,3,54,750
0
5,3,57,0
0
5,0,2,0
0
5,0,0,0
8608000
5,3,58,77
0
5,3,53,986
0
5,3,54,744
0
5,3,57,0
0
5,0,2,0
0
5,0,0,0
7836000
5,3,58,76
0
5,3,53,987
0
5,3,54,738
0
5,3,57,0
0
5,0,2,0
0
5,0,0,0
8624000
5,3,58,76
0
5,3,53,988
0
5,3,54,733
0
5,3,57,0
0
5,0,2,0
0
5,0,0,0
7852000
5,3,58,76
0
5,3,53,990
0
5,3,54,728
0
5,3,57,0
0
5,0,2,0
0
5,0,0,0
8695000
5,3,58,77
0
5,3,53,992
0
5,3,54,723
0
5,3,57,0
0
5,0,2,0
0
5,0,0,0
7785000
5,3,58,75
0
5,3,53,993
0
5,3,54,718
0
5,3,57,0
0
5,0,2,0
0
5,0,0,0
8624000
5,3,58,75
0
5,3,53,994
0
5,3,54,713
0
5,3,57,0
0
5,0,2,0
0
5,0,0,0
7836000
5,3,58,74
0
5,3,53,996
0
5,3,54,708
0
5,3,57,0
0
5,0,2,0
0
5,0,0,0
8617000
5,3,58,74
0
5,3,53,997
0
5,3,54,704
0
5,3,57,0
0
5,0,2,0
0
5,0,0,0
7910000
5,3,58,76
0
5,3,53,998
0
5,3,54,700
0
5,3,57,0
0
5,0,2,0
0
5,0,0,0
8675000
5,3,58,75
0
5,3,53,999
0
5,3,54,695
0
5,3,57,0
0
5,0,2,0
0
5,0,0,0
7873000
5,3,58,77
0
5,3,53,1001
0
5,3,54,690
0
5,3,57,0
0
5,0,2,0
0
5,0,0,0
8611000
5,3,58,77
0
5,3,53,1002
0
5,3,54,685
0
5,3,57,0
0
5,0,2,0
0
5,0,0,0
7875000
5,3,58,78
0
5,3,53,1004
0
5,3,54,680
0
5,3,57,0
0
5,0,2,0
0
5,0,0,0
8679000
5,3,58,79
0
5,3,53,1006
0
5,3,54,674
0
5,3,57,0
0
5,0,2,0
0
5,0,0,0
7838000
5,3,58,79
0
5,3,53,1008
0
5,3,54,668
0
5,3,57,0
0
5,0,2,0
0
5,0,0,0
8639000
5,3,58,77
0
5,3,53,1010
0
5,3,54,661
0
5,3,57,0
0
5,0,2,0
0
5,0,0,0
7807000
5,3,58,76
0
5,3,53,1011
0
5,3,54,656
0
5,3,57,0
0
5,0,2,0
0
5,0,0,0
8585000
5,3,58,76
0
5,3,53,1012
0
5,3,54,650
0
5,3,57,0
0
5,0,2,0
0
5,0,0,0
7895000
5,3,58,76
0
5,3,53,1013
0
5,3,54,645
0
5,3,57,0
0
5,0,2,0
0
5,0,0,0
8592000
5,3,58,74
0
5,3,53,1014
0
5,3,54,639
0
5,3,57,0
0
5,0,2,0
0
5,0,0,0
7896000
5,3,58,77
0
5,3,53,1015
0
5,3,54,634
0
5,3,57,0
0
5,0,2,0
0
5,0,0,0
8675000
5,3,58,77
0
5,3,53,1016
0
5,3,54,629
0
5,3,57,0
0
5,0,2,0
0
5,0,0,0
7809000
5,3,58,77
0
5,3,53,1017
0
5,3,54,624
0
5,3,57,0
0
5,0,2,0
0
5,0,0,0
8600000
5,3,58,77
0
5,3,53,1019
0
5,3,54,618
0
5,3,57,0
0
5,0,2,0
0
5,0,0,0
7865000
5,3,58,77
0
5,3,53,1020
0
5,3,54,611
0
5,3,57,0
0
5,0,2,0
0
5,0,0,0
8604000
5,3,58,75
0
5,3,53,1021
0
5,3,54,604
0
5,3,57,0
0
5,0,2,0
0
5,0,0,0
7855000
5,3,58,74
0
5,3,53,1022
0
5,3,54,598
0
5,3,57,0
0
5,0,2,0
0
5,0,0,0
8669000
5,3,58,74
0
5,3,53,1023
0
5,3,54,591
0
5,3,57,0
0
5,0,2,0
0
5,0,0,0
7850000
5,3,58,75
0
5,3,53,1024
0
5,3,54,585
0
5,3,57,0
0
5,0,2,0
0
5,0,0,0
8607000
5,3,58,73
0
5,3,53,1025
0
5,3,54,578
0
5,3,57,0
0
5,0,2,0
0
5,0,0,0
7832000
5,3,58,72
0
5,3,53,1026
0
5,3,54,572
0
5,3,57,0
0
5,0,2,0
0
5,0,0,0
8655000
5,3,58,71
0
5,3,53,1027
0
5,3,54,567
0
5,3,57,0
0
5,0,2,0
0
5,0,0,0
7844000
5,3,58,74
0
5,3,53,1028
0
5,3,54,561
0
5,3,57,0
0
5,0,2,0
0
5,0,0,0
8772000
5,3,58,74
0
5,3,53,1029
0
5,3,54,555
0
5,3,57,0
0
5,0,2,0
0
5,0,0,0
7722000
5,3,58,73
0
5,3,53,1030
0
5,3,54,549
0
5,3,57,0
0
5,0,2,0
0
5,0,0,0
8650000
5,3,58,73
0
5,3,53,1031
0
5,3,54,543
0
5,3,57,0
0
5,0,2,0
0
5,0,0,0
7876000
5,3,58,73
0
5,3,53,1032
0
5,3,54,536
0
5,3,57,0
0
5,0,2,0
0
5,0,0,0
8562000
5,3,58,72
0
5,3,53,1033
0
5,3,54,530
0
5,3,57,0
0
5,0,2,0
0
5,0,0,0
7877000
5,3,58,72
0
5,3,53,1034
0
5,3,54,524
0
5,3,57,0
0
5,0,2,0
0
5,0,0,0
8639000
5,3,58,71
0
5,3,53,1034
0
5,3,54,518
0
5,3,57,0
0
5,0,2,0
0
5,0,0,0
7826000
5,3,58,71
0
5,3,53,1035
0
5,3,54,513
0
5,3,57,0
0
5,0,2,0
0
5,0,0,0
8612000
5,3,58,69
0
5,3,53,1036
0
5,3,54,507
0
5,3,57,0
0
5,0,2,0
0
5,0,0,0
7858000
5,3,58,67
0
5,3,53,1037
0
5,3,54,502
0
5,3,57,0
0
5,0,2,0
0
5,0,0,0
8639000
5,3,58,69
0
5,3,53,1037
0
5,3,54,496
0
5,3,57,0
0
5,0,2,0
0
5,0,0,0
7862000
5,3,58,69
0
5,3,53,1038
0
5,3,54,491
0
5,3,57,0
0
5,0,2,0
0
5,0,0,0
8594000
5,3,58,69
0
5,3,53,1039
0
5,3,54,485
0
5,3,57,0
0
5,0,2,0
0
5,0,0,0
7880000
5,3,58,69
0
5,3,53,1040
0
5,3,54,478
0
5,3,57,0
0
5,0,2,0
0
5,0,0,0
8631000
5,3,58,68
0
5,3,53,1040
0
5,3,54,471
0
5,3,57,0
0
5,0,2,0
0
5,0,0,0
7861000
5,3,58,68
0
5,3,53,1041
0
5,3,54,465
0
5,3,57,0
0
5,0,2,0
0
5,0,0,0
8633000
5,3,58,68
0
5,3,53,1041
0
5,3,54,458
0
5,3,57,0
0
5,0,2,0
0
5,0,0,0
7826000
5,3,58,67
0
5,3,53,1042
0
5,3,54,452
0
5,3,57,0
0
5,0,2,0
0
5,0,0,0
8634000
5,3,58,67
0
5,3,53,1043
0
5,3,54,446
0
5,3,57,0
0
5,0,2,0
0
5,0,0,0
7853000
5,3,58,64
0
5,3,53,1044
0
5,3,54,440
0
5,3,57,0
0
5,0,2,0
0
5,0,0,0
8595000
5,3,58,62
0
5,3,53,1045
0
5,3,54,435
0
5,3,57,0
0
5,0,2,0
0
5,0,0,0
7864000
5,3,58,62
0
5,3,53,1046
0
5,3,54,430
0
5,3,57,0
0
5,0,2,0
0
5,0,0,0
8683000
5,3,58,63
0
5,3,53,1047
0
5,3,54,425
0
5,3,57,0
0
5,0,2,0
0
5,0,0,0
7884000
5,3,58,65
0
5,3,53,1047
0
5,3,54,420
0
5,3,57,0
0
5,0,2,0
0
5,0,0,0
8563000
5,3,58,65
0
5,3,53,1047
0
5,3,54,415
0
5,3,57,0
0
5,0,2,0
0
5,0,0,0
7893000
5,3,58,65
0
5,3,53,1047
0
5,3,54,410
0
5,3,57,0
0
5,0,2,0
0
5,0,0,0
8638000
5,3,58,65
0
5,3,53,1047
0
5,3,54,404
0
5,3,57,0
0
5,0,2,0
0
5,0,0,0
7842000
5,3,58,65
0
5,3,53,1047
0
5,3,54,399
0
5,3,57,0
0
5,0,2,0
0
5,0,0,0
8586000
5,3,58,65
0
5,3,53,1047
0
5,3,54,394
0
5,3,57,0
0
5,0,2,0
0
5,0,0,0
7894000
5,3,58,65
0
5,3,53,1047
0
5,3,54,389
0
5,3,57,0
0
5,0,2,0
0
5,0,0,0
8594000
5,3,58,65
0
5,3,53,1047
0
5,3,54,384
0
5,3,57,0
0
5,0,2,0
0
5,0,0,0
7874000
5,3,58,65
0
5,3,53,1047
0
5,3,54,379
0
5,3,57,0
0
5,0,2,0
0
5,0,0,0
8613000
5,3,58,63
0
5,3,53,1048
0
5,3,54,373
0
5,3,57,0
0
5,0,2,0
0
5,0,0,0
7973000
5,3,58,64
0
5,3,53,1048
0
5,3,54,368
0
5,3,57,0
0
5,0,2,0
0
5,0,0,0
8519000
5,3,58,64
0
5,3,53,1049
0
5,3,54,363
0
5,3,57,0
0
5,0,2,0
0
5,0,0,0
7851000
5,3,58,66
0
5,3,53,1049
0
5,3,54,357
0
5,3,57,0
0
5,0,2,0
0
5,0,0,0
8631000
5,3,58,66
0
5,3,53,1049
0
5,3,54,351
0
5,3,57,0
0
5,0,2,0
0
5,0,0,0
7789000
5,3,58,66
0
5,3,53,1049
0
5,3,54,345
0
5,3,57,0
0
5,0,2,0
0
5,0,0,0
8716000
5,3,58,66
0
5,3,53,1049
0
5,3,54,339
0
5,3,57,0
0
5,0,2,0
0
5,0,0,0
7774000
5,3,58,66
0
5,3,53,1049
0
5,3,54,333
0
5,3,57,0
0
5,0,2,0
0
5,0,0,0
8670000
5,3,58,66
0
5,3,53,1049
0
5,3,54,327
0
5,3,57,0
0
5,0,2,0
0
5,0,0,0
7818000
5,3,58,65
0
5,3,53,1049
0
5,3,54,321
0
5,3,57,0
0
5,0,2,0
0
5,0,0,0
8634000
5,3,58,65
0
5,3,53,1049
0
5,3,54,315
0
5,3,57,0
0
5,0,2,0
0
5,0,0,0
7845000
5,3,58,65
0
5,3,53,1049
0
5,3,54,310
0
5,3,57,0
0
5,0,2,0
0
5,0,0,0
8582000
5,3,58,63
0
5,3,53,1050
0
5,3,54,305
0
5,3,57,0
0
5,0,2,0
0
5,0,0,0
7881000
5,3,58,62
0
5,3,53,1050
0
5,3,54,301
0
5,3,57,0
0
5,0,2,0
0
5,0,0,0
8586000
5,3,58,60
0
5,3,53,1051
0
5,3,54,297
0
5,3,57,0
0
5,0,2,0
0
5,0,0,0
7870000
5,3,58,60
0
5,3,53,1051
0
5,3,54,293
0
5,3,57,0
0
5,0,2,0
0
5,0,0,0
8613000
5,3,58,60
0
5,3,53,1051
0
5,3,54,289
0
5,3,57,0
0
5,0,2,0
0
5,0,0,0
7867000
5,3,58,62
0
5,3,53,1052
0
5,3,54,285
0
5,3,57,0
0
5,0,2,0
0
5,0,0,0
8631000
5,3,58,61
0
5,3,53,1053
0
5,3,54,281
0
5,3,57,0
0
5,0,2,0
0
5,0,0,0
7845000
5,3,58,61
0
5,3,53,1054
0
5,3,54,277
0
5,3,57,0
0
5,0,2,0
0
5,0,0,0
8671000
5,3,58,63
0
5,3,53,1054
0
5,3,54,273
0
5,3,57,0
0
5,0,2,0
0
5,0,0,0
7828000
5,3,58,63
0
5,3,53,1054
0
5,3,54,269
0
5,3,57,0
0
5,0,2,0
0
5,0,0,0
8645000
5,3,58,62
0
5,3,53,1054
0
5,3,54,265
0
5,3,57,0
0
5,0,2,0
0
5,0,0,0
7861000
5,3,58,63
0
5,3,53,1054
0
5,3,54,262
0
5,3,57,0
0
5,0,2,0
0
5,0,0,0
8656000
5,3,58,62
0
5,3,53,1054
0
5,3,54,259
0
5,3,57,0
0
5,0,2,0
0
5,0,0,0
7841000
5,3,58,63
0
5,3,53,1054
0
5,3,54,256
0
5,3,57,0
0
5,0,2,0
0
5,0,0,0
8691000
5,3,58,62
0
5,3,53,1054
0
5,3,54,253
0
5,3,57,0
0
5,0,2,0
0
5,0,0,0
7913000
5,3,58,63
0
5,3,53,1054
0
5,3,54,250
0
5,3,57,0
0
5,0,2,0
0
5,0,0,0
8616000
5,3,58,62
0
5,3,53,1054
0
5,3,54,247
0
5,3,57,0
0
5,0,2,0
0
5,0,0,0
7711000
5,3,58,62
0
5,3,53,1054
0
5,3,54,245
0
5,3,57,0
0
5,0,2,0
0
5,0,0,0
8696000
5,3,58,62
0
5,3,53,1054
0
5,3,54,243
0
5,3,57,0
0
5,0,2,0
0
5,0,0,0
7835000
5,3,58,62
0
5,3,53,1054
0
5,3,54,240
0
5,3,57,0
0
5,0,2,0
0
5,0,0,0
8709000
5,3,58,62
0
5,3,53,1055
0
5,3,54,237
0
5,3,57,0
0
5,0,2,0
0
5,0,0,0
7762000
5,3,58,62
0
5,3,53,1055
0
5,3,54,235
0
5,3,57,0
0
5,0,2,0
0
5,0,0,0
8617000
5,3,58,62
0
5,3,53,1055
0
5,3,54,233
0
5,3,57,0
0
5,0,2,0
0
5,0,0,0
7832000
5,3,58,62
0
5,3,53,1055
0
5,3,54,231
0
5,3,57,0
0
5,0,2,0
0
5,0,0,0
8656000
5,3,58,62
0
5,3,53,1056
0
5,3,54,229
0
5,3,57,0
0
5,0,2,0
0
5,0,0,0
7820000
5,3,58,60
0
5,3,53,1056
0
5,3,54,227
0
5,3,57,0
0
5,0,2,0
0
5,0,0,0
8682000
5,3,58,60
0
5,3,53,1056
0
5,3,54,224
0
5,3,57,0
0
5,0,2,0
0
5,0,0,0
7831000
5,3,58,60
0
5,3,53,1056
0
5,3,54,222
0
5,3,57,0
0
5,0,2,0
0
5,0,0,0
8680000
5,3,58,60
0
5,3,53,1056
0
5,3,54,220
0
5,3,57,0
0
5,0,2,0
0
5,0,0,0
7794000
5,3,58,60
0
5,3,53,1056
0
5,3,54,218
0
5,3,57,0
0
5,0,2,0
0
5,0,0,0
8629000
5,3,58,60
0
5,3,53,1056
0
5,3,54,216
0
5,3,57,0
0
5,0,2,0
0
5,0,0,0
7845000
5,3,58,60
0
5,3,53,1056
0
5,3,54,213
0
5,3,57,0
0
5,0,2,0
0
5,0,0,0
8633000
5,3,58,60
0
5,3,53,1057
0
5,3,54,210
0
5,3,57,0
0
5,0,2,0
0
5,0,0,0
7827000
5,3,58,59
0
5,3,53,1057
0
5,3,54,207
0
5,3,57,0
0
5,0,2,0
0
5,0,0,0
8683000
5,3,58,61
0
5,3,53,1057
0
5,3,54,204
0
5,3,57,0
0
5,0,2,0
0
5,0,0,0
7840000
5,3,58,60
0
5,3,53,1057
0
5,3,54,201
0
5,3,57,0
0
5,0,2,0
0
5,0,0,0
8637000
5,3,58,60
0
5,3,53,1058
0
5,3,54,197
0
5,3,57,0
0
5,0,2,0
0
5,0,0,0
7850000
5,3,58,60
0
5,3,53,1059
0
5,3,54,193
0
5,3,57,0
0
5,0,2,0
0
5,0,0,0
8628000
5,3,58,59
0
5,3,53,1059
0
5,3,54,189
0
5,3,57,0
0
5,0,2,0
0
5,0,0,0
7853000
5,3,58,59
0
5,3,53,1059
0
5,3,54,185
0
5,3,57,0
0
5,0,2,0
0
5,0,0,0
8663000
5,3,58,58
0
5,3,53,1060
0
5,3,54,181
0
5,3,57,0
0
5,0,2,0
0
5,0,0,0
7846000
5,3,58,58
0
5,3,53,1060
0
5,3,54,177
0
5,3,57,0
0
5,0,2,0
0
5,0,0,0
8591000
5,3,58,56
0
5,3,53,1061
0
5,3,54,173
0
5,3,57,0
0
5,0,2,0
0
5,0,0,0
7914000
5,3,58,56
0
5,3,53,1062
0
5,3,54,169
0
5,3,57,0
0
5,0,2,0
0
5,0,0,0
8619000
5,3,58,55
0
5,3,53,1063
0
5,3,54,165
0
5,3,57,0
0
5,0,2,0
0
5,0,0,0
7877000
5,3,58,55
0
5,3,53,1063
0
5,3,54,161
0
5,3,57,0
0
5,0,2,0
0
5,0,0,0
8624000
5,3,58,53
0
5,3,53,1063
0
5,3,54,158
0
5,3,57,0
0
5,0,2,0
0
5,0,0,0
7848000
5,3,58,53
0
5,3,53,1063
0
5,3,54,155
0
5,3,57,0
0
5,0,2,0
0
5,0,0,0
8610000
5,3,58,53
0
5,3,53,1063
0
5,3,54,153
0
5,3,57,0
0
5,0,2,0
0
5,0,0,0
7908000
5,3,58,54
0
5,3,53,1063
0
5,3,54,150
0
5,3,57,0
0
5,0,2,0
0
5,0,0,0
8626000
5,3,58,53
0
5,3,53,1063
0
5,3,54,148
0
5,3,57,0
0
5,0,2,0
0
5,0,0,0
7823000
5,3,58,53
0
5,3,53,1063
0
5,3,54,146
0
5,3,57,0
0
5,0,2,0
0
5,0,0,0
8702000
5,3,58,53
0
5,3,53,1063
0
5,3,54,144
0
5,3,57,0
0
5,0,2,0
0
5,0,0,0
7697000
5,3,58,53
0
5,3,53,1063
0
5,3,54,142
0
5,3,57,0
0
5,0,2,0
0
5,0,0,0
8633000
5,3,58,53
0
5,3,53,1063
0
5,3,54,140
0
5,3,57,0
0
5,0,2,0
0
5,0,0,0
7855000
5,3,58,53
0
5,3,53,1063
0
5,3,54,139
0
5,3,57,0
0
5,0,2,0
0
5,0,0,0
8680000
5,3,58,53
0
5,3,53,1063
0
5,3,54,138
0
5,3,57,0
0
5,0,2,0
0
5,0,0,0
7760000
5,3,58,53
0
5,3,53,1063
0
5,3,54,137
0
5,3,57,0
0
5,0,2,0
0
5,0,0,0
8652000
5,3,58,53
0
5,3,53,1063
0
5,3,54,136
0
5,3,57,0
0
5,0,2,0
0
5,0,0,0
7862000
5,3,58,53
0
5,3,53,1063
0
5,3,54,135
0
5,3,57,0
0
5,0,2,0
0
5,0,0,0
8633000
5,3,58,53
0
5,3,53,1063
0
5,3,54,134
0
5,3,57,0
0
5,0,2,0
0
5,0,0,0
7843000
5,3,58,53
0
5,3,53,1063
0
5,3,54,133
0
5,3,57,0
0
5,0,2,0
0
5,0,0,0
8670000
5,3,58,53
0
5,3,53,1063
0
5,3,54,132
0
5,3,57,0
0
5,0,2,0
0
5,0,0,0
7898000
5,3,58,53
0
5,3,53,1063
0
5,3,54,131
0
5,3,57,0
0
5,0,2,0
0
5,0,0,0
8622000
5,3,58,53
0
5,3,53,1063
0
5,3,54,130
0
5,3,57,0
0
5,0,2,0
0
5,0,0,0
7815000
5,3,58,53
0
5,3,53,1063
0
5,3,54,129
0
5,3,57,0
0
5,0,2,0
0
5,0,0,0
8591000
5,3,58,52
0
5,3,53,1063
0
5,3,54,128
0
5,3,57,0
0
5,0,2,0
0
5,0,0,0
7858000
5,3,58,53
0
5,3,53,1063
0
5,3,54,127
0
5,3,57,0
0
5,0,2,0
0
5,0,0,0
8637000
5,3,58,52
0
5,3,53,1063
0
5,3,54,126
0
5,3,57,0
0
5,0,2,0
0
5,0,0,0
7884000
5,3,58,54
0
5,3,53,1063
0
5,3,54,125
0
5,3,57,0
0
5,0,2,0
0
5,0,0,0
8619000
5,3,58,53
0
5,3,53,1063
0
5,3,54,124
0
5,3,57,0
0
5,0,2,0
0
5,0,0,0
7841000
5,3,58,51
0
5,3,53,1063
0
5,3,54,123
0
5,3,57,0
0
5,0,2,0
0
5,0,0,0
8715000
5,3,58,53
0
5,3,53,1063
0
5,3,54,122
0
5,3,57,0
0
5,0,2,0
0
5,0,0,0
7868000
5,3,58,53
0
5,3,53,1063
0
5,3,54,121
0
5,3,57,0
0
5,0,2,0
0
5,0,0,0
8590000
5,3,58,53
0
5,3,53,1063
0
5,3,54,120
0
5,3,57,0
0
5,0,2,0
0
5,0,0,0
7872000
5,3,58,52
0
5,3,53,1063
0
5,3,54,119
0
5,3,57,0
0
5,0,2,0
0
5,0,0,0
8610000
5,3,58,52
0
5,3,53,1063
0
5,3,54,118
0
5,3,57,0
0
5,0,2,0
0
5,0,0,0
7931000
5,3,58,52
0
5,3,53,1063
0
5,3,54,117
0
5,3,57,0
0
5,0,2,0
0
5,0,0,0
8569000
5,3,58,52
0
5,3,53,1063
0
5,3,54,116
0
5,3,57,0
0
5,0,2,0
0
5,0,0,0
7853000
5,3,58,52
0
5,3,53,1063
0
5,3,54,115
0
5,3,57,0
0
5,0,2,0
0
5,0,0,0
8742000
5,3,58,51
0
5,3,53,1063
0
5,3,54,115
0
5,3,57,0
0
5,0,2,0
0
5,0,0,0
7816000
5,3,58,51
0
5,3,53,1063
0
5,3,54,114
0
5,3,57,0
0
5,0,2,0
0
5,0,0,0
8574000
5,3,58,51
0
5,3,53,1063
0
5,3,54,113
0
5,3,57,0
0
5,0,2,0
0
5,0,0,0
7810000
5,3,58,50
0
5,3,53,1063
0
5,3,54,113
0
5,3,57,0
0
5,0,2,0
0
5,0,0,0
8627000
5,3,58,50
0
5,3,53,1063
0
5,3,54,112
0
5,3,57,0
0
5,0,2,0
0
5,0,0,0
7796000
5,3,58,48
0
5,3,53,1064
0
5,3,54,111
0
5,3,57,0
0
5,0,2,0
0
5,0,0,0
8612000
5,3,58,47
0
5,3,53,1065
0
5,3,54,110
0
5,3,57,0
0
5,0,2,0
0
5,0,0,0
7868000
5,3,58,46
0
5,3,53,1065
0
5,3,54,109
0
5,3,57,0
0
5,0,2,0
0
5,0,0,0
8601000
5,3,58,43
0
5,3,53,1067
0
5,3,54,108
0
5,3,57,0
0
5,0,2,0
0
5,0,0,0
7872000
5,3,58,40
0
5,3,53,1067
0
5,3,54,107
0
5,3,57,0
0
5,0,2,0
0
5,0,0,0
8611000
5,3,58,33
0
5,3,53,1068
0
5,3,54,106
0
5,3,57,0
0
5,0,2,0
0
5,0,0,0
7887000
5,3,58,35
0
5,3,53,1068
0
5,3,54,105
0
5,3,57,0
0
5,0,2,0
0
5,0,0,0
8577000
5,3,58,22
0
5,3,53,1068
0
5,3,54,105
0
5,3,57,0
0
5,0,2,0
0
5,0,0,0
7596000
5,0,2,0
0
5,1,330,0
0
5,0,0,0
4617673000
5,3,58,35
0
5,3,53,896
0
5,3,54,1679
0
5,3,57,0
0
5,0,2,0
0
5,1,330,1
0
5,0,0,0
5603000
5,3,58,35
0
5,3,53,896
0
5,3,54,1679
0
5,3,57,0
0
5,0,2,0
0
5,0,0,0
7849000
5,3,58,46
0
5,3,53,896
0
5,3,54,1678
0
5,3,57,0
0
5,0,2,0
0
5,0,0,0
8345000
5,3,58,47
0
5,3,53,896
0
5,3,54,1676
0
5,3,57,0
0
5,0,2,0
0
5,0,0,0
7788000
5,3,58,48
0
5,3,53,896
0
5,3,54,1673
0
5,3,57,0
0
5,0,2,0
0
5,0,0,0
8279000
5,3,58,49
0
5,3,53,896
0
5,3,54,1669
0
5,3,57,0
0
5,0,2,0
0
5,0,0,0
7761000
5,3,58,50
0
5,3,53,896
0
5,3,54,1665
0
5,3,57,0
0
5,0,2,0
0
5,0,0,0
8651000
5,3,58,50
0
5,3,53,896
0
5,3,54,1661
0
5,3,57,0
0
5,0,2,0
0
5,0,0,0
7787000
5,3,58,51
0
5,3,53,896
0
5,3,54,1657
0
5,3,57,0
0
5,0,2,0
0
5,0,0,0
8719000
5,3,58,51
0
5,3,53,896
0
5,3,54,1653
0
5,3,57,0
0
5,0,2,0
0
5,0,0,0
7804000
5,3,58,51
0
5,3,53,896
0
5,3,54,1649
0
5,3,57,0
0
5,0,2,0
0
5,0,0,0
8644000
5,3,58,51
0
5,3,53,896
0
5,3,54,1645
0
5,3,57,0
0
5,0,2,0
0
5,0,0,0
7851000
5,3,58,53
0
5,3,53,897
0
5,3,54,1640
0
5,3,57,0
0
5,0,2,0
0
5,0,0,0
8715000
5,3,58,55
0
5,3,53,897
0
5,3,54,1635
0
5,3,57,0
0
5,0,2,0
0
5,0,0,0
7888000
5,3,58,55
0
5,3,53,897
0
5,3,54,1630
0
5,3,57,0
0
5,0,2,0
0
5,0,0,0
8707000
5,3,58,56
0
5,3,53,897
0
5,3,54,1625
0
5,3,57,0
0
5,0,2,0
0
5,0,0,0
7725000
5,3,58,53
0
5,3,53,897
0
5,3,54,1620
0
5,3,57,0
0
5,0,2,0
0
5,0,0,0
8650000
5,3,58,54
0
5,3,53,897
0
5,3,54,1615
0
5,3,57,0
0
5,0,2,0
0
5,0,0,0
7788000
5,3,58,55
0
5,3,53,897
0
5,3,54,1610
0
5,3,57,0
0
5,0,2,0
0
5,0,0,0
8590000
5,3,58,55
0
5,3,53,897
0
5,3,54,1605
0
5,3,57,0
0
5,0,2,0
0
5,0,0,0
7874000
5,3,58,57
0
5,3,53,898
0
5,3,54,1600
0
5,3,57,0
0
5,0,2,0
0
5,0,0,0
8620000
5,3,58,58
0
5,3,53,898
0
5,3,54,1595
0
5,3,57,0
0
5,0,2,0
0
5,0,0,0
7854000
5,3,58,58
0
5,3,53,899
0
5,3,54,1591
0
5,3,57,0
0
5,0,2,0
0
5,0,0,0
8646000
5,3,58,58
0
5,3,53,900
0
5,3,54,1586
0
5,3,57,0
0
5,0,2,0
0
5,0,0,0
7856000
5,3,58,60
0
5,3,53,901
0
5,3,54,1581
0
5,3,57,0
0
5,0,2,0
0
5,0,0,0
8633000
5,3,58,60
0
5,3,53,902
0
5,3,54,1576
0
5,3,57,0
0
5,0,2,0
0
5,0,0,0
7904000
5,3,58,61
0
5,3,53,903
0
5,3,54,1569
0
5,3,57,0
0
5,0,2,0
0
5,0,0,0
8596000
5,3,58,62
0
5,3,53,904
0
5,3,54,1562
0
5,3,57,0
0
5,0,2,0
0
5,0,0,0
7861000
5,3,58,62
0
5,3,53,905
0
5,3,54,1554
0
5,3,57,0
0
5,0,2,0
0
5,0,0,0
8717000
5,3,58,61
0
5,3,53,906
0
5,3,54,1546
0
5,3,57,0
0
5,0,2,0
0
5,0,0,0
7747000
5,3,58,62
0
5,3,53,907
0
5,3,54,1537
0
5,3,57,0
0
5,0,2,0
0
5,0,0,0
8614000
5,3,58,61
0
5,3,53,907
0
5,3,54,1528
0
5,3,57,0
0
5,0,2,0
0
5,0,0,0
7870000
5,3,58,63
0
5,3,53,907
0
5,3,54,1519
0
5,3,57,0
0
5,0,2,0
0
5,0,0,0
8650000
5,3,58,63
0
5,3,53,908
0
5,3,54,1510
0
5,3,57,0
0
5,0,2,0
0
5,0,0,0
7977000
5,3,58,67
0
5,3,53,908
0
5,3,54,1501
0
5,3,57,0
0
5,0,2,0
0
5,0,0,0
8683000
5,3,58,68
0
5,3,53,908
0
5,3,54,1491
0
5,3,57,0
0
5,0,2,0
0
5,0,0,0
7757000
5,3,58,65
0
5,3,53,908
0
5,3,54,1481
0
5,3,57,0
0
5,0,2,0
0
5,0,0,0
8718000
5,3,58,65
0
5,3,53,908
0
5,3,54,1471
0
5,3,57,0
0
5,0,2,0
0
5,0,0,0
7732000
5,3,58,65
0
5,3,53,908
0
5,3,54,1461
0
5,3,57,0
0
5,0,2,0
0
5,0,0,0
8635000
5,3,58,65
0
5,3,53,908
0
5,3,54,1452
0
5,3,57,0
0
5,0,2,0
0
5,0,0,0
7869000
5,3,58,67
0
5,3,53,908
0
5,3,54,1443
0
5,3,57,0
0
5,0,2,0
0
5,0,0,0
8677000
5,3,58,69
0
5,3,53,908
0
5,3,54,1434
0
5,3,57,0
0
5,0,2,0
0
5,0,0,0
7809000
5,3,58,69
0
5,3,53,908
0
5,3,54,1425
0
5,3,57,0
0
5,0,2,0
0
5,0,0,0
8647000
5,3,58,69
0
5,3,53,908
0
5,3,54,1416
0
5,3,57,0
0
5,0,2,0
0
5,0,0,0
7847000
5,3,58,68
0
5,3,53,909
0
5,3,54,1408
0
5,3,57,0
0
5,0,2,0
0
5,0,0,0
8572000
5,3,58,66
0
5,3,53,909
0
5,3,54,1401
0
5,3,57,0
0
5,0,2,0
0
5,0,0,0
7873000
5,3,58,67
0
5,3,53,909
0
5,3,54,1394
0
5,3,57,0
0
5,0,2,0
0
5,0,0,0
8624000
5,3,58,66
0
5,3,53,909
0
5,3,54,1388
0
5,3,57,0
0
5,0,2,0
0
5,0,0,0
7901000
5,3,58,68
0
5,3,53,910
0
5,3,54,1382
0
5,3,57,0
0
5,0,2,0
0
5,0,0,0
8602000
5,3,58,68
0
5,3,53,910
0
5,3,54,1376
0
5,3,57,0
0
5,0,2,0
0
5,0,0,0
7905000
5,3,58,68
0
5,3,53,910
0
5,3,54,1370
0
5,3,57,0
0
5,0,2,0
0
5,0,0,0
8678000
5,3,58,70
0
5,3,53,910
0
5,3,54,1363
0
5,3,57,0
0
5,0,2,0
0
5,0,0,0
7785000
5,3,58,70
0
5,3,53,911
0
5,3,54,1357
0
5,3,57,0
0
5,0,2,0
0
5,0,0,0
8726000
5,3,58,70
0
5,3,53,911
0
5,3,54,1350
0
5,3,57,0
0
5,0,2,0
0
5,0,0,0
7769000
5,3,58,70
0
5,3,53,912
0
5,3,54,1344
0
5,3,57,0
0
5,0,2,0
0
5,0,0,0
8664000
5,3,58,69
0
5,3,53,913
0
5,3,54,1337
0
5,3,57,0
0
5,0,2,0
0
5,0,0,0
7769000
5,3,58,67
0
5,3,53,913
0
5,3,54,1331
0
5,3,57,0
0
5,0,2,0
0
5,0,0,0
8698000
5,3,58,67
0
5,3,53,913
0
5,3,54,1325
0
5,3,57,0
0
5,0,2,0
0
5,0,0,0
7770000
5,3,58,67
0
5,3,53,913
0
5,3,54,1320
0
5,3,57,0
0
5,0,2,0
0
5,0,0,0
8583000
5,3,58,69
0
5,3,53,914
0
5,3,54,1315
0
5,3,57,0
0
5,0,2,0
0
5,0,0,0
7853000
5,3,58,69
0
5,3,53,915
0
5,3,54,1310
0
5,3,57,0
0
5,0,2,0
0
5,0,0,0
8642000
5,3,58,71
0
5,3,53,916
0
5,3,54,1304
0
5,3,57,0
0
5,0,2,0
0
5,0,0,0
7857000
5,3,58,71
0
5,3,53,916
0
5,3,54,1297
0
5,3,57,0
0
5,0,2,0
0
5,0,0,0
8631000
5,3,58,71
0
5,3,53,917
0
5,3,54,1290
0
5,3,57,0
0
5,0,2,0
0
5,0,0,0
7871000
5,3,58,72
0
5,3,53,918
0
5,3,54,1283
0
5,3,57,0
0
5,0,2,0
0
5,0,0,0
8627000
5,3,58,71
0
5,3,53,919
0
5,3,54,1275
0
5,3,57,0
0
5,0,2,0
0
5,0,0,0
7850000
5,3,58,70
0
5,3,53,920
0
5,3,54,1267
0
5,3,57,0
0
5,0,2,0
0
5,0,0,0
8580000
5,3,58,69
0
5,3,53,920
0
5,3,54,1259
0
5,3,57,0
0
5,0,2,0
0
5,0,0,0
7904000
5,3,58,68
0
5,3,53,921
0
5,3,54,1252
0
5,3,57,0
0
5,0,2,0
0
5,0,0,0
8631000
5,3,58,70
0
5,3,53,922
0
5,3,54,1244
0
5,3,57,0
0
5,0,2,0
0
5,0,0,0
7925000
5,3,58,72
0
5,3,53,923
0
5,3,54,1236
0
5,3,57,0
0
5,0,2,0
0
5,0,0,0
8557000
5,3,58,72
0
5,3,53,924
0
5,3,54,1226
0
5,3,57,0
0
5,0,2,0
0
5,0,0,0
7912000
5,3,58,72
0
5,3,53,925
0
5,3,54,1216
0
5,3,57,0
0
5,0,2,0
0
5,0,0,0
8696000
5,3,58,71
0
5,3,53,927
0
5,3,54,1206
0
5,3,57,0
0
5,0,2,0
0
5,0,0,0
7741000
5,3,58,70
0
5,3,53,928
0
5,3,54,1197
0
5,3,57,0
0
5,0,2,0
0
5,0,0,0
8694000
5,3,58,69
0
5,3,53,930
0
5,3,54,1187
0
5,3,57,0
0
5,0,2,0
0
5,0,0,0
7859000
5,3,58,73
0
5,3,53,932
0
5,3,54,1178
0
5,3,57,0
0
5,0,2,0
0
5,0,0,0
8604000
5,3,58,73
0
5,3,53,934
0
5,3,54,1168
0
5,3,57,0
0
5,0,2,0
0
5,0,0,0
7907000
5,3,58,75
0
5,3,53,936
0
5,3,54,1158
0
5,3,57,0
0
5,0,2,0
0
5,0,0,0
8604000
5,3,58,73
0
5,3,53,938
0
5,3,54,1148
0
5,3,57,0
0
5,0,2,0
0
5,0,0,0
7874000
5,3,58,71
0
5,3,53,940
0
5,3,54,1139
0
5,3,57,0
0
5,0,2,0
0
5,0,0,0
8679000
5,3,58,71
0
5,3,53,942
0
5,3,54,1130
0
5,3,57,0
0
5,0,2,0
0
5,0,0,0
7792000
5,3,58,71
0
5,3,53,944
0
5,3,54,1122
0
5,3,57,0
0
5,0,2,0
0
5,0,0,0
8604000
5,3,58,73
0
5,3,53,946
0
5,3,54,1114
0
5,3,57,0
0
5,0,2,0
0
5,0,0,0
7877000
5,3,58,75
0
5,3,53,948
0
5,3,54,1107
0
5,3,57,0
0
5,0,2,0
0
5,0,0,0
8609000
5,3,58,75
0
5,3,53,950
0
5,3,54,1100
0
5,3,57,0
0
5,0,2,0
0
5,0,0,0
7878000
5,3,58,75
0
5,3,53,952
0
5,3,54,1093
0
5,3,57,0
0
5,0,2,0
0
5,0,0,0
8679000
5,3,58,73
0
5,3,53,954
0
5,3,54,1085
0
5,3,57,0
0
5,0,2,0
0
5,0,0,0
7775000
5,3,58,73
0
5,3,53,955
0
5,3,54,1077
0
5,3,57,0
0
5,0,2,0
0
5,0,0,0
8761000
5,3,58,74
0
5,3,53,956
0
5,3,54,1070
0
5,3,57,0
0
5,0,2,0
0
5,0,0,0
7725000
5,3,58,74
0
5,3,53,957
0
5,3,54,1063
0
5,3,57,0
0
5,0,2,0
0
5,0,0,0
8689000
5,3,58,73
0
5,3,53,958
0
5,3,54,1057
0
5,3,57,0
0
5,0,2,0
0
5,0,0,0
7727000
5,3,58,73
0
5,3,53,959
0
5,3,54,1051
0
5,3,57,0
0
5,0,2,0
0
5,0,0,0
8644000
5,3,58,73
0
5,3,53,960
0
5,3,54,1046
0
5,3,57,0
0
5,0,2,0
0
5,0,0,0
7880000
5,3,58,74
0
5,3,53,961
0
5,3,54,1041
0
5,3,57,0
0
5,0,2,0
0
5,0,0,0
8577000
5,3,58,73
0
5,3,53,962
0
5,3,54,1036
0
5,3,57,0
0
5,0,2,0
0
5,0,0,0
7873000
5,3,58,75
0
5,3,53,963
0
5,3,54,1032
0
5,3,57,0
0
5,0,2,0
0
5,0,0,0
8635000
5,3,58,73
0
5,3,53,964
0
5,3,54,1027
0
5,3,57,0
0
5,0,2,0
0
5,0,0,0
7827000
5,3,58,73
0
5,3,53,965
0
5,3,54,1022
0
5,3,57,0
0
5,0,2,0
0
5,0,0,0
8640000
5,3,58,73
0
5,3,53,966
0
5,3,54,1017
0
5,3,57,0
0
5,0,2,0
0
5,0,0,0
7868000
5,3,58,75
0
5,3,53,967
0
5,3,54,1012
0
5,3,57,0
0
5,0,2,0
0
5,0,0,0
8625000
5,3,58,75
0
5,3,53,968
0
5,3,54,1007
0
5,3,57,0
0
5,0,2,0
0
5,0,0,0
7893000
5,3,58,75
0
5,3,53,969
0
5,3,54,1002
0
5,3,57,0
0
5,0,2,0
0
5,0,0,0
8673000
5,3,58,76
0
5,3,53,970
0
5,3,54,997
0
5,3,57,0
0
5,0,2,0
0
5,0,0,0
7785000
5,3,58,75
0
5,3,53,971
0
5,3,54,992
0
5,3,57,0
0
5,0,2,0
0
5,0,0,0
8587000
5,3,58,72
0
5,3,53,972
0
5,3,54,987
0
5,3,57,0
0
5,0,2,0
0
5,0,0,0
7935000
5,3,58,72
0
5,3,53,973
0
5,3,54,983
0
5,3,57,0
0
5,0,2,0
0
5,0,0,0
8617000
5,3,58,70
0
5,3,53,974
0
5,3,54,979
0
5,3,57,0
0
5,0,2,0
0
5,0,0,0
7818000
5,3,58,71
0
5,3,53,975
0
5,3,54,975
0
5,3,57,0
0
5,0,2,0
0
5,0,0,0
8718000
5,3,58,72
0
5,3,53,976
0
5,3,54,971
0
5,3,57,0
0
5,0,2,0
0
5,0,0,0
7854000
5,3,58,72
0
5,3,53,977
0
5,3,54,967
0
5,3,57,0
0
5,0,2,0
0
5,0,0,0
8635000
5,3,58,72
0
5,3,53,978
0
5,3,54,963
0
5,3,57,0
0
5,0,2,0
0
5,0,0,0
7821000
5,3,58,74
0
5,3,53,979
0
5,3,54,959
0
5,3,57,0
0
5,0,2,0
0
5,0,0,0
8605000
5,3,58,74
0
5,3,53,980
0
5,3,54,955
0
5,3,57,0
0
5,0,2,0
0
5,0,0,0
7877000
5,3,58,76
0
5,3,53,981
0
5,3,54,951
0
5,3,57,0
0
5,0,2,0
0
5,0,0,0
8616000
5,3,58,74
0
5,3,53,982
0
5,3,54,947
0
5,3,57,0
0
5,0,2,0
0
5,0,0,0
7876000
5,3,58,75
0
5,3,53,983
0
5,3,54,943
0
5,3,57,0
0
5,0,2,0
0
5,0,0,0
8595000
5,3,58,75
0
5,3,53,984
0
5,3,54,939
0
5,3,57,0
0
5,0,2,0
0
5,0,0,0
7868000
5,3,58,75
0
5,3,53,985
0
5,3,54,935
0
5,3,57,0
0
5,0,2,0
0
5,0,0,0
8615000
5,3,58,75
0
5,3,53,986
0
5,3,54,931
0
5,3,57,0
0
5,0,2,0
0
5,0,0,0
7859000
5,3,58,76
0
5,3,53,987
0
5,3,54,928
0
5,3,57,0
0
5,0,2,0
0
5,0,0,0
8631000
5,3,58,74
0
5,3,53,988
0
5,3,54,924
0
5,3,57,0
0
5,0,2,0
0
5,0,0,0
7867000
5,3,58,74
0
5,3,53,989
0
5,3,54,920
0
5,3,57,0
0
5,0,2,0
0
5,0,0,0
8633000
5,3,58,74
0
5,3,53,990
0
5,3,54,916
0
5,3,57,0
0
5,0,2,0
0
5,0,0,0
7832000
5,3,58,72
0
5,3,53,991
0
5,3,54,912
0
5,3,57,0
0
5,0,2,0
0
5,0,0,0
8683000
5,3,58,72
0
5,3,53,992
0
5,3,54,908
0
5,3,57,0
0
5,0,2,0
0
5,0,0,0
7781000
5,3,58,74
0
5,3,53,993
0
5,3,54,904
0
5,3,57,0
0
5,0,2,0
0
5,0,0,0
8608000
5,3,58,74
0
5,3,53,995
0
5,3,54,900
0
5,3,57,0
0
5,0,2,0
0
5,0,0,0
7878000
5,3,58,76
0
5,3,53,997
0
5,3,54,895
0
5,3,57,0
0
5,0,2,0
0
5,0,0,0
8620000
5,3,58,76
0
5,3,53,999
0
5,3,54,890
0
5,3,57,0
0
5,0,2,0
0
5,0,0,0
7831000
5,3,58,76
0
5,3,53,1001
0
5,3,54,885
0
5,3,57,0
0
5,0,2,0
0
5,0,0,0
8656000
5,3,58,78
0
5,3,53,1002
0
5,3,54,879
0
5,3,57,0
0
5,0,2,0
0
5,0,0,0
7823000
5,3,58,78
0
5,3,53,1004
0
5,3,54,874
0
5,3,57,0
0
5,0,2,0
0
5,0,0,0
8666000
5,3,58,78
0
5,3,53,1005
0
5,3,54,868
0
5,3,57,0
0
5,0,2,0
0
5,0,0,0
7767000
5,3,58,75
0
5,3,53,1007
0
5,3,54,862
0
5,3,57,0
0
5,0,2,0
0
5,0,0,0
8667000
5,3,58,74
0
5,3,53,1008
0
5,3,54,857
0
5,3,57,0
0
5,0,2,0
0
5,0,0,0
7858000
5,3,58,74
0
5,3,53,1009
0
5,3,54,852
0
5,3,57,0
0
5,0,2,0
0
5,0,0,0
8579000
5,3,58,73
0
5,3,53,1010
0
5,3,54,847
0
5,3,57,0
0
5,0,2,0
0
5,0,0,0
7841000
5,3,58,73
0
5,3,53,1011
0
5,3,54,842
0
5,3,57,0
0
5,0,2,0
0
5,0,0,0
8683000
5,3,58,74
0
5,3,53,1012
0
5,3,54,837
0
5,3,57,0
0
5,0,2,0
0
5,0,0,0
7915000
5,3,58,76
0
5,3,53,1013
0
5,3,54,832
0
5,3,57,0
0
5,0,2,0
0
5,0,0,0
8643000
5,3,58,75
0
5,3,53,1014
0
5,3,54,827
0
5,3,57,0
0
5,0,2,0
0
5,0,0,0
7881000
5,3,58,75
0
5,3,53,1015
0
5,3,54,822
0
5,3,57,0
0
5,0,2,0
0
5,0,0,0
8604000
5,3,58,75
0
5,3,53,1016
0
5,3,54,816
0
5,3,57,0
0
5,0,2,0
0
5,0,0,0
7922000
5,3,58,75
0
5,3,53,1017
0
5,3,54,811
0
5,3,57,0
0
5,0,2,0
0
5,0,0,0
8531000
5,3,58,73
0
5,3,53,1018
0
5,3,54,806
0
5,3,57,0
0
5,0,2,0
0
5,0,0,0
7887000
5,3,58,73
0
5,3,53,1019
0
5,3,54,801
0
5,3,57,0
0
5,0,2,0
0
5,0,0,0
8611000
5,3,58,73
0
5,3,53,1020
0
5,3,54,796
0
5,3,57,0
0
5,0,2,0
0
5,0,0,0
7875000
5,3,58,74
0
5,3,53,1021
0
5,3,54,791
0
5,3,57,0
0
5,0,2,0
0
5,0,0,0
8589000
5,3,58,72
0
5,3,53,1022
0
5,3,54,787
0
5,3,57,0
0
5,0,2,0
0
5,0,0,0
7918000
5,3,58,72
0
5,3,53,1023
0
5,3,54,783
0
5,3,57,0
0
5,0,2,0
0
5,0,0,0
8619000
5,3,58,72
0
5,3,53,1023
0
5,3,54,779
0
5,3,57,0
0
5,0,2,0
0
5,0,0,0
7814000
5,3,58,70
0
5,3,53,1024
0
5,3,54,775
0
5,3,57,0
0
5,0,2,0
0
5,0,0,0
8613000
5,3,58,70
0
5,3,53,1024
0
5,3,54,771
0
5,3,57,0
0
5,0,2,0
0
5,0,0,0
7892000
5,3,58,73
0
5,3,53,1024
0
5,3,54,767
0
5,3,57,0
0
5,0,2,0
0
5,0,0,0
8685000
5,3,58,73
0
5,3,53,1025
0
5,3,54,763
0
5,3,57,0
0
5,0,2,0
0
5,0,0,0
7837000
5,3,58,74
0
5,3,53,1025
0
5,3,54,759
0
5,3,57,0
0
5,0,2,0
0
5,0,0,0
8612000
5,3,58,74
0
5,3,53,1025
0
5,3,54,755
0
5,3,57,0
0
5,0,2,0
0
5,0,0,0
7860000
5,3,58,73
0
5,3,53,1025
0
5,3,54,751
0
5,3,57,0
0
5,0,2,0
0
5,0,0,0
8647000
5,3,58,72
0
5,3,53,1026
0
5,3,54,747
0
5,3,57,0
0
5,0,2,0
0
5,0,0,0
7865000
5,3,58,72
0
5,3,53,1027
0
5,3,54,743
0
5,3,57,0
0
5,0,2,0
0
5,0,0,0
8579000
5,3,58,72
0
5,3,53,1028
0
5,3,54,739
0
5,3,57,0
0
5,0,2,0
0
5,0,0,0
7826000
5,3,58,72
0
5,3,53,1028
0
5,3,54,735
0
5,3,57,0
0
5,0,2,0
0
5,0,0,0
8727000
5,3,58,71
0
5,3,53,1028
0
5,3,54,731
0
5,3,57,0
0
5,0,2,0
0
5,0,0,0
7741000
5,3,58,71
0
5,3,53,1029
0
5,3,54,727
0
5,3,57,0
0
5,0,2,0
0
5,0,0,0
8625000
5,3,58,71
0
5,3,53,1029
0
5,3,54,723
0
5,3,57,0
0
5,0,2,0
0
5,0,0,0
7788000
5,3,58,69
0
5,3,53,1029
0
5,3,54,719
0
5,3,57,0
0
5,0,2,0
0
5,0,0,0
8622000
5,3,58,69
0
5,3,53,1029
0
5,3,54,714
0
5,3,57,0
0
5,0,2,0
0
5,0,0,0
7849000
5,3,58,67
0
5,3,53,1029
0
5,3,54,710
0
5,3,57,0
0
5,0,2,0
0
5,0,0,0
8632000
5,3,58,69
0
5,3,53,1029
0
5,3,54,705
0
5,3,57,0
0
5,0,2,0
0
5,0,0,0
7843000
5,3,58,69
0
5,3,53,1029
0
5,3,54,701
0
5,3,57,0
0
5,0,2,0
0
5,0,0,0
8710000
5,3,58,72
0
5,3,53,1030
0
5,3,54,697
0
5,3,57,0
0
5,0,2,0
0
5,0,0,0
7839000
5,3,58,73
0
5,3,53,1030
0
5,3,54,693
0
5,3,57,0
0
5,0,2,0
0
5,0,0,0
8605000
5,3,58,71
0
5,3,53,1030
0
5,3,54,688
0
5,3,57,0
0
5,0,2,0
0
5,0,0,0
7837000
5,3,58,72
0
5,3,53,1030
0
5,3,54,683
0
5,3,57,0
0
5,0,2,0
0
5,0,0,0
8644000
5,3,58,72
0
5,3,53,1031
0
5,3,54,678
0
5,3,57,0
0
5,0,2,0
0
5,0,0,0
7834000
5,3,58,72
0
5,3,53,1031
0
5,3,54,672
0
5,3,57,0
0
5,0,2,0
0
5,0,0,0
8719000
5,3,58,72
0
5,3,53,1032
0
5,3,54,666
0
5,3,57,0
0
5,0,2,0
0
5,0,0,0
7815000
5,3,58,72
0
5,3,53,1032
0
5,3,54,661
0
5,3,57,0
0
5,0,2,0
0
5,0,0,0
8625000
5,3,58,72
0
5,3,53,1032
0
5,3,54,656
0
5,3,57,0
0
5,0,2,0
0
5,0,0,0
7942000
5,3,58,71
0
5,3,53,1032
0
5,3,54,651
0
5,3,57,0
0
5,0,2,0
0
5,0,0,0
8569000
5,3,58,69
0
5,3,53,1032
0
5,3,54,646
0
5,3,57,0
0
5,0,2,0
0
5,0,0,0
7761000
5,3,58,67
0
5,3,53,1033
0
5,3,54,641
0
5,3,57,0
0
5,0,2,0
0
5,0,0,0
8831000
5,3,58,69
0
5,3,53,1033
0
5,3,54,636
0
5,3,57,0
0
5,0,2,0
0
5,0,0,0
7720000
5,3,58,69
0
5,3,53,1033
0
5,3,54,631
0
5,3,57,0
0
5,0,2,0
0
5,0,0,0
8565000
5,3,58,69
0
5,3,53,1034
0
5,3,54,626
0
5,3,57,0
0
5,0,2,0
0
5,0,0,0
7865000
5,3,58,69
0
5,3,53,1035
0
5,3,54,622
0
5,3,57,0
0
5,0,2,0
0
5,0,0,0
8594000
5,3,58,69
0
5,3,53,1036
0
5,3,54,617
0
5,3,57,0
0
5,0,2,0
0
5,0,0,0
7907000
5,3,58,69
0
5,3,53,1036
0
5,3,54,613
0
5,3,57,0
0
5,0,2,0
0
5,0,0,0
8632000
5,3,58,70
0
5,3,53,1036
0
5,3,54,608
0
5,3,57,0
0
5,0,2,0
0
5,0,0,0
7851000
5,3,58,68
0
5,3,53,1037
0
5,3,54,604
0
5,3,57,0
0
5,0,2,0
0
5,0,0,0
8612000
5,3,58,68
0
5,3,53,1037
0
5,3,54,600
0
5,3,57,0
0
5,0,2,0
0
5,0,0,0
7842000
5,3,58,68
0
5,3,53,1037
0
5,3,54,596
0
5,3,57,0
0
5,0,2,0
0
5,0,0,0
8643000
5,3,58,68
0
5,3,53,1037
0
5,3,54,592
0
5,3,57,0
0
5,0,2,0
0
5,0,0,0
7864000
5,3,58,68
0
5,3,53,1037
0
5,3,54,588
0
5,3,57,0
0
5,0,2,0
0
5,0,0,0
8678000
5,3,58,67
0
5,3,53,1038
0
5,3,54,584
0
5,3,57,0
0
5,0,2,0
0
5,0,0,0
7850000
5,3,58,68
0
5,3,53,1038
0
5,3,54,580
0
5,3,57,0
0
5,0,2,0
0
5,0,0,0
8631000
5,3,58,67
0
5,3,53,1038
0
5,3,54,576
0
5,3,57,0
0
5,0,2,0
0
5,0,0,0
7768000
5,3,58,63
0
5,3,53,1039
0
5,3,54,572
0
5,3,57,0
0
5,0,2,0
0
5,0,0,0
8672000
5,3,58,63
0
5,3,53,1039
0
5,3,54,569
0
5,3,57,0
0
5,0,2,0
0
5,0,0,0
7853000
5,3,58,63
0
5,3,53,1039
0
5,3,54,566
0
5,3,57,0
0
5,0,2,0
0
5,0,0,0
8741000
5,3,58,64
0
5,3,53,1040
0
5,3,54,562
0
5,3,57,0
0
5,0,2,0
0
5,0,0,0
7814000
5,3,58,64
0
5,3,53,1041
0
5,3,54,559
0
5,3,57,0
0
5,0,2,0
0
5,0,0,0
8706000
5,3,58,66
0
5,3,53,1041
0
5,3,54,555
0
5,3,57,0
0
5,0,2,0
0
5,0,0,0
7797000
5,3,58,67
0
5,3,53,1041
0
5,3,54,551
0
5,3,57,0
0
5,0,2,0
0
5,0,0,0
8676000
5,3,58,66
0
5,3,53,1042
0
5,3,54,547
0
5,3,57,0
0
5,0,2,0
0
5,0,0,0
7679000
5,3,58,66
0
5,3,53,1042
0
5,3,54,543
0
5,3,57,0
0
5,0,2,0
0
5,0,0,0
8650000
5,3,58,67
0
5,3,53,1042
0
5,3,54,539
0
5,3,57,0
0
5,0,2,0
0
5,0,0,0
7848000
5,3,58,67
0
5,3,53,1042
0
5,3,54,535
0
5,3,57,0
0
5,0,2,0
0
5,0,0,0
8633000
5,3,58,67
0
5,3,53,1042
0
5,3,54,531
0
5,3,57,0
0
5,0,2,0
0
5,0,0,0
7860000
5,3,58,67
0
5,3,53,1042
0
5,3,54,527
0
5,3,57,0
0
5,0,2,0
0
5,0,0,0
8676000
5,3,58,67
0
5,3,53,1042
0
5,3,54,523
0
5,3,57,0
0
5,0,2,0
0
5,0,0,0
7826000
5,3,58,67
0
5,3,53,1042
0
5,3,54,519
0
5,3,57,0
0
5,0,2,0
0
5,0,0,0
8614000
5,3,58,66
0
5,3,53,1042
0
5,3,54,515
0
5,3,57,0
0
5,0,2,0
0
5,0,0,0
7835000
5,3,58,66
0
5,3,53,1042
0
5,3,54,511
0
5,3,57,0
0
5,0,2,0
0
5,0,0,0
8621000
5,3,58,64
0
5,3,53,1043
0
5,3,54,507
0
5,3,57,0
0
5,0,2,0
0
5,0,0,0
7880000
5,3,58,64
0
5,3,53,1044
0
5,3,54,503
0
5,3,57,0
0
5,0,2,0
0
5,0,0,0
8602000
5,3,58,65
0
5,3,53,1044
0
5,3,54,499
0
5,3,57,0
0
5,0,2,0
0
5,0,0,0
7853000
5,3,58,65
0
5,3,53,1044
0
5,3,54,495
0
5,3,57,0
0
5,0,2,0
0
5,0,0,0
8664000
5,3,58,66
0
5,3,53,1044
0
5,3,54,491
0
5,3,57,0
0
5,0,2,0
0
5,0,0,0
7850000
5,3,58,67
0
5,3,53,1044
0
5,3,54,486
0
5,3,57,0
0
5,0,2,0
0
5,0,0,0
8697000
5,3,58,67
0
5,3,53,1044
0
5,3,54,481
0
5,3,57,0
0
5,0,2,0
0
5,0,0,0
7901000
5,3,58,67
0
5,3,53,1045
0
5,3,54,476
0
5,3,57,0
0
5,0,2,0
0
5,0,0,0
8562000
5,3,58,67
0
5,3,53,1045
0
5,3,54,471
0
5,3,57,0
0
5,0,2,0
0
5,0,0,0
7891000
5,3,58,67
0
5,3,53,1045
0
5,3,54,466
0
5,3,57,0
0
5,0,2,0
0
5,0,0,0
8662000
5,3,58,67
0
5,3,53,1046
0
5,3,54,461
0
5,3,57,0
0
5,0,2,0
0
5,0,0,0
7821000
5,3,58,66
0
5,3,53,1046
0
5,3,54,456
0
5,3,57,0
0
5,0,2,0
0
5,0,0,0
8667000
5,3,58,66
0
5,3,53,1047
0
5,3,54,451
0
5,3,57,0
0
5,0,2,0
0
5,0,0,0
7872000
5,3,58,66
0
5,3,53,1047
0
5,3,54,446
0
5,3,57,0
0
5,0,2,0
0
5,0,0,0
8584000
5,3,58,64
0
5,3,53,1047
0
5,3,54,441
0
5,3,57,0
0
5,0,2,0
0
5,0,0,0
7836000
5,3,58,64
0
5,3,53,1048
0
5,3,54,437
0
5,3,57,0
0
5,0,2,0
0
5,0,0,0
8556000
5,3,58,62
0
5,3,53,1048
0
5,3,54,433
0
5,3,57,0
0
5,0,2,0
0
5,0,0,0
7887000
5,3,58,62
0
5,3,53,1048
0
5,3,54,429
0
5,3,57,0
0
5,0,2,0
0
5,0,0,0
8642000
5,3,58,61
0
5,3,53,1048
0
5,3,54,425
0
5,3,57,0
0
5,0,2,0
0
5,0,0,0
7879000
5,3,58,63
0
5,3,53,1049
0
5,3,54,422
0
5,3,57,0
0
5,0,2,0
0
5,0,0,0
8612000
5,3,58,63
0
5,3,53,1050
0
5,3,54,418
0
5,3,57,0
0
5,0,2,0
0
5,0,0,0
7866000
5,3,58,65
0
5,3,53,1050
0
5,3,54,414
0
5,3,57,0
0
5,0,2,0
0
5,0,0,0
8631000
5,3,58,65
0
5,3,53,1050
0
5,3,54,410
0
5,3,57,0
0
5,0,2,0
0
5,0,0,0
7862000
5,3,58,64
0
5,3,53,1050
0
5,3,54,406
0
5,3,57,0
0
5,0,2,0
0
5,0,0,0
8609000
5,3,58,65
0
5,3,53,1050
0
5,3,54,402
0
5,3,57,0
0
5,0,2,0
0
5,0,0,0
7869000
5,3,58,64
0
5,3,53,1050
0
5,3,54,399
0
5,3,57,0
0
5,0,2,0
0
5,0,0,0
8626000
5,3,58,64
0
5,3,53,1050
0
5,3,54,395
0
5,3,57,0
0
5,0,2,0
0
5,0,0,0
7855000
5,3,58,64
0
5,3,53,1050
0
5,3,54,391
0
5,3,57,0
0
5,0,2,0
0
5,0,0,0
8610000
5,3,58,64
0
5,3,53,1050
0
5,3,54,387
0
5,3,57,0
0
5,0,2,0
0
5,0,0,0
7891000
5,3,58,64
0
5,3,53,1050
0
5,3,54,384
0
5,3,57,0
0
5,0,2,0
0
5,0,0,0
8596000
5,3,58,64
0
5,3,53,1050
0
5,3,54,381
0
5,3,57,0
0
5,0,2,0
0
5,0,0,0
7854000
5,3,58,64
0
5,3,53,1050
0
5,3,54,378
0
5,3,57,0
0
5,0,2,0
0
5,0,0,0
8628000
5,3,58,61
0
5,3,53,1051
0
5,3,54,374
0
5,3,57,0
0
5,0,2,0
0
5,0,0,0
7860000
5,3,58,63
0
5,3,53,1052
0
5,3,54,371
0
5,3,57,0
0
5,0,2,0
0
5,0,0,0
8639000
5,3,58,61
0
5,3,53,1052
0
5,3,54,367
0
5,3,57,0
0
5,0,2,0
0
5,0,0,0
7881000
5,3,58,62
0
5,3,53,1052
0
5,3,54,364
0
5,3,57,0
0
5,0,2,0
0
5,0,0,0
8592000
5,3,58,61
0
5,3,53,1052
0
5,3,54,361
0
5,3,57,0
0
5,0,2,0
0
5,0,0,0
7915000
5,3,58,61
0
5,3,53,1053
0
5,3,54,357
0
5,3,57,0
0
5,0,2,0
0
5,0,0,0
8598000
5,3,58,61
0
5,3,53,1054
0
5,3,54,353
0
5,3,57,0
0
5,0,2,0
0
5,0,0,0
7852000
5,3,58,63
0
5,3,53,1054
0
5,3,54,348
0
5,3,57,0
0
5,0,2,0
0
5,0,0,0
8665000
5,3,58,62
0
5,3,53,1054
0
5,3,54,343
0
5,3,57,0
0
5,0,2,0
0
5,0,0,0
7788000
5,3,58,62
0
5,3,53,1054
0
5,3,54,338
0
5,3,57,0
0
5,0,2,0
0
5,0,0,0
8666000
5,3,58,62
0
5,3,53,1054
0
5,3,54,332
0
5,3,57,0
0
5,0,2,0
0
5,0,0,0
7841000
5,3,58,62
0
5,3,53,1054
0
5,3,54,327
0
5,3,57,0
0
5,0,2,0
0
5,0,0,0
8632000
5,3,58,62
0
5,3,53,1055
0
5,3,54,322
0
5,3,57,0
0
5,0,2,0
0
5,0,0,0
7784000
5,3,58,61
0
5,3,53,1055
0
5,3,54,317
0
5,3,57,0
0
5,0,2,0
0
5,0,0,0
8614000
5,3,58,61
0
5,3,53,1055
0
5,3,54,312
0
5,3,57,0
0
5,0,2,0
0
5,0,0,0
7850000
5,3,58,59
0
5,3,53,1056
0
5,3,54,307
0
5,3,57,0
0
5,0,2,0
0
5,0,0,0
8645000
5,3,58,59
0
5,3,53,1057
0
5,3,54,303
0
5,3,57,0
0
5,0,2,0
0
5,0,0,0
7832000
5,3,58,59
0
5,3,53,1057
0
5,3,54,299
0
5,3,57,0
0
5,0,2,0
0
5,0,0,0
8598000
5,3,58,57
0
5,3,53,1057
0
5,3,54,295
0
5,3,57,0
0
5,0,2,0
0
5,0,0,0
7840000
5,3,58,57
0
5,3,53,1057
0
5,3,54,291
0
5,3,57,0
0
5,0,2,0
0
5,0,0,0
8662000
5,3,58,57
0
5,3,53,1057
0
5,3,54,287
0
5,3,57,0
0
5,0,2,0
0
5,0,0,0
7873000
5,3,58,57
0
5,3,53,1057
0
5,3,54,284
0
5,3,57,0
0
5,0,2,0
0
5,0,0,0
8719000
5,3,58,58
0
5,3,53,1058
0
5,3,54,281
0
5,3,57,0
0
5,0,2,0
0
5,0,0,0
7835000
5,3,58,58
0
5,3,53,1059
0
5,3,54,278
0
5,3,57,0
0
5,0,2,0
0
5,0,0,0
8624000
5,3,58,58
0
5,3,53,1060
0
5,3,54,275
0
5,3,57,0
0
5,0,2,0
0
5,0,0,0
7874000
5,3,58,58
0
5,3,53,1061
0
5,3,54,272
0
5,3,57,0
0
5,0,2,0
0
5,0,0,0
8713000
5,3,58,58
0
5,3,53,1062
0
5,3,54,268
0
5,3,57,0
0
5,0,2,0
0
5,0,0,0
7681000
5,3,58,60
0
5,3,53,1062
0
5,3,54,264
0
5,3,57,0
0
5,0,2,0
0
5,0,0,0
8642000
5,3,58,59
0
5,3,53,1062
0
5,3,54,261
0
5,3,57,0
0
5,0,2,0
0
5,0,0,0
7841000
5,3,58,60
0
5,3,53,1062
0
5,3,54,258
0
5,3,57,0
0
5,0,2,0
0
5,0,0,0
8706000
5,3,58,59
0
5,3,53,1062
0
5,3,54,254
0
5,3,57,0
0
5,0,2,0
0
5,0,0,0
7781000
5,3,58,59
0
5,3,53,1062
0
5,3,54,251
0
5,3,57,0
0
5,0,2,0
0
5,0,0,0
8612000
5,3,58,57
0
5,3,53,1062
0
5,3,54,247
0
5,3,57,0
0
5,0,2,0
0
5,0,0,0
7900000
5,3,58,57
0
5,3,53,1063
0
5,3,54,244
0
5,3,57,0
0
5,0,2,0
0
5,0,0,0
8583000
5,3,58,56
0
5,3,53,1063
0
5,3,54,240
0
5,3,57,0
0
5,0,2,0
0
5,0,0,0
7861000
5,3,58,58
0
5,3,53,1063
0
5,3,54,237
0
5,3,57,0
0
5,0,2,0
0
5,0,0,0
8623000
5,3,58,56
0
5,3,53,1063
0
5,3,54,234
0
5,3,57,0
0
5,0,2,0
0
5,0,0,0
7876000
5,3,58,56
0
5,3,53,1063
0
5,3,54,231
0
5,3,57,0
0
5,0,2,0
0
5,0,0,0
8623000
5,3,58,56
0
5,3,53,1063
0
5,3,54,227
0
5,3,57,0
0
5,0,2,0
0
5,0,0,0
7834000
5,3,58,56
0
5,3,53,1063
0
5,3,54,224
0
5,3,57,0
0
5,0,2,0
0
5,0,0,0
8784000
5,3,58,56
0
5,3,53,1063
0
5,3,54,221
0
5,3,57,0
0
5,0,2,0
0
5,0,0,0
7732000
5,3,58,56
0
5,3,53,1064
0
5,3,54,218
0
5,3,57,0
0
5,0,2,0
0
5,0,0,0
8661000
5,3,58,55
0
5,3,53,1064
0
5,3,54,215
0
5,3,57,0
0
5,0,2,0
0
5,0,0,0
7861000
5,3,58,55
0
5,3,53,1064
0
5,3,54,212
0
5,3,57,0
0
5,0,2,0
0
5,0,0,0
8564000
5,3,58,55
0
5,3,53,1065
0
5,3,54,209
0
5,3,57,0
0
5,0,2,0
0
5,0,0,0
7871000
5,3,58,55
0
5,3,53,1065
0
5,3,54,206
0
5,3,57,0
0
5,0,2,0
0
5,0,0,0
8621000
5,3,58,54
0
5,3,53,1066
0
5,3,54,203
0
5,3,57,0
0
5,0,2,0
0
5,0,0,0
7855000
5,3,58,54
0
5,3,53,1066
0
5,3,54,200
0
5,3,57,0
0
5,0,2,0
0
5,0,0,0
8652000
5,3,58,53
0
5,3,53,1066
0
5,3,54,197
0
5,3,57,0
0
5,0,2,0
0
5,0,0,0
7858000
5,3,58,53
0
5,3,53,1066
0
5,3,54,194
0
5,3,57,0
0
5,0,2,0
0
5,0,0,0
8595000
5,3,58,53
0
5,3,53,1066
0
5,3,54,191
0
5,3,57,0
0
5,0,2,0
0
5,0,0,0
7879000
5,3,58,54
0
5,3,53,1066
0
5,3,54,188
0
5,3,57,0
0
5,0,2,0
0
5,0,0,0
8596000
5,3,58,50
0
5,3,53,1068
0
5,3,54,185
0
5,3,57,0
0
5,0,2,0
0
5,0,0,0
7865000
5,3,58,49
0
5,3,53,1069
0
5,3,54,183
0
5,3,57,0
0
5,0,2,0
0
5,0,0,0
8606000
5,3,58,49
0
5,3,53,1070
0
5,3,54,180
0
5,3,57,0
0
5,0,2,0
0
5,0,0,0
7895000
5,3,58,50
0
5,3,53,1070
0
5,3,54,177
0
5,3,57,0
0
5,0,2,0
0
5,0,0,0
8661000
5,3,58,50
0
5,3,53,1070
0
5,3,54,174
0
5,3,57,0
0
5,0,2,0
0
5,0,0,0
7906000
5,3,58,50
0
5,3,53,1070
0
5,3,54,171
0
5,3,57,0
0
5,0,2,0
0
5,0,0,0
8670000
5,3,58,49
0
5,3,53,1070
0
5,3,54,168
0
5,3,57,0
0
5,0,2,0
0
5,0,0,0
7872000
5,3,58,47
0
5,3,53,1070
0
5,3,54,166
0
5,3,57,0
0
5,0,2,0
0
5,0,0,0
8675000
5,3,58,47
0
5,3,53,1070
0
5,3,54,164
0
5,3,57,0
0
5,0,2,0
0
5,0,0,0
7713000
5,3,58,47
0
5,3,53,1070
0
5,3,54,162
0
5,3,57,0
0
5,0,2,0
0
5,0,0,0
8732000
5,3,58,47
0
5,3,53,1070
0
5,3,54,160
0
5,3,57,0
0
5,0,2,0
0
5,0,0,0
7790000
5,3,58,46
0
5,3,53,1070
0
5,3,54,158
0
5,3,57,0
0
5,0,2,0
0
5,0,0,0
8616000
5,3,58,46
0
5,3,53,1070
0
5,3,54,156
0
5,3,57,0
0
5,0,2,0
0
5,0,0,0
7778000
5,3,58,46
0
5,3,53,1070
0
5,3,54,154
0
5,3,57,0
0
5,0,2,0
0
5,0,0,0
8686000
5,3,58,45
0
5,3,53,1070
0
5,3,54,152
0
5,3,57,0
0
5,0,2,0
0
5,0,0,0
7778000
5,3,58,46
0
5,3,53,1070
0
5,3,54,150
0
5,3,57,0
0
5,0,2,0
0
5,0,0,0
8698000
5,3,58,46
0
5,3,53,1070
0
5,3,54,148
0
5,3,57,0
0
5,0,2,0
0
5,0,0,0
7841000
5,3,58,45
0
5,3,53,1070
0
5,3,54,146
0
5,3,57,0
0
5,0,2,0
0
5,0,0,0
8632000
5,3,58,44
0
5,3,53,1070
0
5,3,54,144
0
5,3,57,0
0
5,0,2,0
0
5,0,0,0
7773000
5,3,58,43
0
5,3,53,1070
0
5,3,54,142
0
5,3,57,0
0
5,0,2,0
0
5,0,0,0
8702000
5,3,58,40
0
5,3,53,1070
0
5,3,54,140
0
5,3,57,0
0
5,0,2,0
0
5,0,0,0
7809000
5,3,58,39
0
5,3,53,1070
0
5,3,54,138
0
5,3,57,0
0
5,0,2,0
0
5,0,0,0
8609000
5,3,58,37
0
5,3,53,1070
0
5,3,54,136
0
5,3,57,0
0
5,0,2,0
0
5,0,0,0
7874000
5,3,58,40
0
5,3,53,1070
0
5,3,54,134
0
5,3,57,0
0
5,0,2,0
0
5,0,0,0
8637000
5,3,58,38
0
5,3,53,1070
0
5,3,54,132
0
5,3,57,0
0
5,0,2,0
0
5,0,0,0
7853000
5,3,58,37
0
5,3,53,1070
0
5,3,54,130
0
5,3,57,0
0
5,0,2,0
0
5,0,0,0
8633000
5,3,58,31
0
5,3,53,1070
0
5,3,54,128
0
5,3,57,0
0
5,0,2,0
0
5,0,0,0
7847000
5,3,58,33
0
5,3,53,1070
0
5,3,54,126
0
5,3,57,0
0
5,0,2,0
0
5,0,0,0
8592000
5,3,58,32
0
5,3,53,1070
0
5,3,54,124
0
5,3,57,0
0
5,0,2,0
0
5,0,0,0
7843000
5,3,58,30
0
5,3,53,1070
0
5,3,54,122
0
5,3,57,0
0
5,0,2,0
0
5,0,0,0
8636000
5,3,58,25
0
5,3,53,1071
0
5,3,54,120
0
5,3,57,0
0
5,0,2,0
0
5,0,0,0
7844000
5,3,58,25
0
5,3,53,1072
0
5,3,54,118
0
5,3,57,0
0
5,0,2,0
0
5,0,0,0
8647000
5,3,58,22
0
5,3,53,1072
0
5,3,54,116
0
5,3,57,0
0
5,0,2,0
0
5,0,0,0
7881000
5,3,58,21
0
5,3,53,1073
0
5,3,54,115
0
5,3,57,0
0
5,0,2,0
0
5,0,0,0
8666000
5,3,58,19
0
5,3,53,1072
0
5,3,54,113
0
5,3,57,0
0
5,0,2,0
0
5,0,0,0
7857000
5,3,58,18
0
5,3,53,1072
0
5,3,54,112
0
5,3,57,0
0
5,0,2,0
0
5,0,0,0
8516000
5,3,58,14
0
5,3,53,1071
0
5,3,54,111
0
5,3,57,0
0
5,0,2,0
0
5,0,0,0
7967000
5,3,58,10
0
5,3,53,1070
0
5,3,54,110
0
5,3,57,0
0
5,0,2,0
0
5,0,0,0
8621000
5,3,58,13
0
5,3,53,1069
0
5,3,54,109
0
5,3,57,0
0
5,0,2,0
0
5,0,0,0
7875000
5,3,58,13
0
5,3,53,1069
0
5,3,54,108
0
5,3,57,0
0
5,0,2,0
0
5,0,0,0
8372000
5,0,2,0
0
5,1,330,0
0
5,0,0,0
